 0.10045000000000001      0.9971354349440058    
  0.1009      0.9971358742425493    
  0.10135000000000001      0.9971363154777673    
  0.1018      0.9971367586492993    
  0.10225000000000001      0.9971372037567832    
  0.1027      0.9971376507998535    
  0.10315      0.9971380997781478    
  0.10360000000000001      0.9971385506912984    
  0.10405      0.9971390035389347    
  0.10450000000000001      0.9971394583206878    
  0.10495      0.9971399150361876    
  0.10540000000000001      0.9971403736850559    
  0.10585      0.9971408342669219    
  0.1063      0.9971412967814074    
  0.10675000000000001      0.997141761228134    
  0.1072      0.9971422276067228    
  0.10765000000000001      0.9971426959167904    
  0.1081      0.9971431661579554    
  0.10855000000000001      0.9971436383298313    
  0.10900000000000001      0.9971441124320345    
  0.10945      0.9971445884641719    
  0.10990000000000001      0.9971450664258598    
  0.11035      0.9971455463167034    
  0.11080000000000001      0.9971460281363104    
  0.11125      0.9971465118842865    
  0.11170000000000001      0.9971469975602364    
  0.11215      0.9971474851637621    
  0.1126      0.9971479746944624    
  0.11305000000000001      0.9971484661519393    
  0.1135      0.9971489595357873    
  0.11395000000000001      0.9971494548456052    
  0.1144      0.9971499520809846    
  0.11485000000000001      0.9971504512415201    
  0.11530000000000001      0.9971509523268016    
  0.11575      0.997151455336417    
  0.11620000000000001      0.9971519602699577    
  0.11665      0.9971524671270063    
  0.11710000000000001      0.99715297590715    
  0.11755000000000002      0.9971534866099696    
  0.11800000000000001      0.9971539992350472    
  0.11845      0.9971545137819626    
  0.1189      0.9971550302502933    
  0.11935000000000001      0.9971555486396165    
  0.1198      0.9971560689495067    
  0.12025000000000001      0.9971565911795365    
  0.1207      0.9971571153292773    
  0.12115000000000001      0.9971576413983008    
  0.12160000000000001      0.9971581693861733    
  0.12205      0.997158699292462    
  0.12250000000000001      0.9971592311167322    
  0.12295      0.9971597648585485    
  0.12340000000000001      0.9971603005174704    
  0.12385000000000002      0.9971608380930591    
  0.12430000000000001      0.9971613775848744    
  0.12475      0.997161918992472    
  0.1252      0.9971624623154062    
  0.12565      0.9971630075532343    
  0.12610000000000002      0.9971635547055047    
  0.12655      0.99716410377177    
  0.127      0.9971646547515768    
  0.12745      0.9971652076444757    
  0.1279      0.9971657624500094    
  0.12835000000000002      0.9971663191677237    
  0.1288      0.9971668777971596    
  0.12925      0.9971674383378598    
  0.1297      0.99716800078936    
  0.13015000000000002      0.9971685651512028    
  0.1306      0.9971691314229183    
  0.13105      0.9971696996040451    
  0.1315      0.997170269694114    
  0.13195      0.9971708416926579    
  0.13240000000000002      0.9971714155992032    
  0.13285000000000002      0.9971719914132783    
  0.1333      0.9971725691344122    
  0.13375      0.9971731487621257    
  0.1342      0.9971737302959447    
  0.13465      0.997174313735389    
  0.1351      0.9971748990799787    
  0.13555      0.997175486329231    
  0.136      0.9971760754826635    
  0.13645000000000002      0.99717666653979    
  0.13690000000000002      0.9971772595001246    
  0.13735      0.997177854363178    
  0.1378      0.9971784511284606    
  0.13825      0.9971790497954804    
  0.13870000000000002      0.9971796503637438    
  0.13915      0.9971802528327574    
  0.1396      0.9971808572020227    
  0.14005      0.9971814634710425    
  0.1405      0.9971820716393159    
  0.14095000000000002      0.997182681706343    
  0.14140000000000003      0.9971832936716192    
  0.14185      0.9971839075346423    
  0.1423      0.9971845232949034    
  0.14275000000000002      0.9971851409518953    
  0.1432      0.9971857605051085    
  0.14365      0.9971863819540314    
  0.1441      0.9971870052981522    
  0.14455      0.9971876305369543    
  0.14500000000000002      0.9971882576699255    
  0.14545000000000002      0.9971888866965437    
  0.1459      0.9971895176162922    
  0.14635      0.9971901504286493    
  0.1468      0.9971907851330926    
  0.14725000000000002      0.997191421729097    
  0.1477      0.997192060216138    
  0.14815      0.9971927005936869    
  0.1486      0.9971933428612156    
  0.14905000000000002      0.9971939870181928    
  0.14950000000000002      0.9971946330640864    
  0.14995      0.9971952809983625    
  0.1504      0.997195930820485    
  0.15085      0.9971965825299158    
  0.15130000000000002      0.997197236126119    
  0.15175      0.9971978916085505    
  0.1522      0.997198548976671    
  0.15265      0.9971992082299367    
  0.1531      0.997199869367799    
  0.15355000000000002      0.9972005323897126    
  0.15400000000000003      0.9972011972951309    
  0.15445      0.9972018640835009    
  0.1549      0.9972025327542723    
  0.15535000000000002      0.9972032033068905    
  0.1558      0.9972038757408009    
  0.15625      0.9972045500554465    
  0.1567      0.9972052262502701    
  0.15715      0.9972059043247098    
  0.15760000000000002      0.997206584278205    
  0.15805000000000002      0.997207266110192    
  0.1585      0.9972079498201053    
  0.15895      0.9972086354073789    
  0.15940000000000001      0.9972093228714444    
  0.15985000000000002      0.9972100122117329    
  0.1603      0.9972107034276724    
  0.16075      0.9972113965186884    
  0.1612      0.9972120914842078    
  0.16165000000000002      0.9972127883236545    
  0.16210000000000002      0.9972134870364486    
  0.16255000000000003      0.9972141876220127    
  0.163      0.9972148900797633    
  0.16345      0.9972155944091188    
  0.16390000000000002      0.9972163006094947    
  0.16435      0.9972170086803053    
  0.1648      0.9972177186209616    
  0.16525      0.9972184304308749    
  0.16570000000000001      0.9972191441094536    
  0.16615000000000002      0.9972198596561058    
  0.16660000000000003      0.9972205770702371    
  0.16705000000000003      0.9972212963512498    
  0.1675      0.9972220174985489    
  0.16795000000000002      0.9972227405115337    
  0.1684      0.9972234653896033    
  0.16885      0.9972241921321565    
  0.1693      0.9972249207385866    
  0.16975      0.9972256512082905    
  0.17020000000000002      0.9972263835406597    
  0.17065000000000002      0.9972271177350849    
  0.17110000000000003      0.9972278537909557    
  0.17155      0.9972285917076602    
  0.17200000000000001      0.9972293314845837    
  0.17245      0.9972300731211111    
  0.1729      0.997230816616625    
  0.17335      0.9972315619705069    
  0.1738      0.9972323091821366    
  0.17425000000000002      0.9972330582508915    
  0.17470000000000002      0.9972338091761477    
  0.17515000000000003      0.99723456195728    
  0.1756      0.9972353165936609    
  0.17605      0.997236073084663    
  0.17650000000000002      0.9972368314296548    
  0.17695      0.9972375916280041    
  0.1774      0.9972383536790792    
  0.17785      0.9972391175822433    
  0.17830000000000001      0.9972398833368609    
  0.17875000000000002      0.9972406509422916    
  0.17920000000000003      0.9972414203978957    
  0.17965000000000003      0.997242191703034    
  0.1801      0.9972429648570601    
  0.18055000000000002      0.997243739859331    
  0.181      0.9972445167091981    
  0.18145      0.9972452954060147    
  0.1819      0.9972460759491304    
  0.18235      0.9972468583378928    
  0.18280000000000002      0.9972476425716508    
  0.18325000000000002      0.9972484286497476    
  0.18370000000000003      0.9972492165715277    
  0.18415      0.9972500063363329    
  0.18460000000000001      0.9972507979435026    
  0.18505000000000002      0.9972515913923757    
  0.1855      0.9972523866822907    
  0.18595      0.9972531838125807    
  0.1864      0.997253982782581    
  0.18685000000000002      0.9972547835916229    
  0.18730000000000002      0.9972555862390371    
  0.18775000000000003      0.9972563907241527    
  0.18820000000000003      0.9972571970462955    
  0.18865      0.9972580052047916    
  0.18910000000000002      0.9972588151989654    
  0.18955      0.99725962702814    
  0.19      0.9972604406916332    
  0.19045      0.9972612561887668    
  0.19090000000000001      0.9972620735188569    
  0.19135000000000002      0.9972628926812184    
  0.19180000000000003      0.9972637136751674    
  0.19225000000000003      0.9972645365000135    
  0.1927      0.9972653611550686    
  0.19315000000000002      0.9972661876396427    
  0.1936      0.9972670159530432    
  0.19405      0.9972678460945746    
  0.1945      0.997268678063542    
  0.19495      0.9972695118592481    
  0.19540000000000002      0.9972703474809937    
  0.19585000000000002      0.9972711849280766    
  0.19630000000000003      0.9972720241997969    
  0.19675      0.9972728652954481    
  0.19720000000000001      0.9972737082143269    
  0.19765000000000002      0.9972745529557248    
  0.1981      0.9972753995189316    
  0.19855      0.9972762479032384    
  0.199      0.997277098107933    
  0.19945000000000002      0.9972779501323014    
  0.19990000000000002      0.9972788039756264    
  0.20035000000000003      0.9972796596371927    
  0.20080000000000003      0.9972805171162811    
  0.20125      0.9972813764121715    
  0.20170000000000002      0.9972822375241411    
  0.20215      0.9972831004514656    
  0.2026      0.9972839651934208    
  0.20305      0.9972848317492791    
  0.20350000000000001      0.9972857001183117    
  0.20395000000000002      0.9972865702997902    
  0.20440000000000003      0.997287442292979    
  0.20485000000000003      0.9972883160971474    
  0.2053      0.9972891917115596    
  0.20575000000000002      0.9972900691354778    
  0.20620000000000002      0.9972909483681646    
  0.20665      0.9972918294088796    
  0.2071      0.9972927122568799    
  0.20755      0.997293596911423    
  0.20800000000000002      0.9972944833717652    
  0.20845000000000002      0.9972953716371563    
  0.20890000000000003      0.9972962617068504    
  0.20935000000000004      0.997297153580097    
  0.20980000000000001      0.9972980472561443    
  0.21025000000000002      0.99729894273424    
  0.2107      0.9972998400136273    
  0.21115      0.9973007390935499    
  0.2116      0.9973016399732513    
  0.21205000000000002      0.997302542651969    
  0.21250000000000002      0.9973034471289435    
  0.21295000000000003      0.997304353403411    
  0.21340000000000003      0.997305261474607    
  0.21385      0.9973061713417638    
  0.21430000000000002      0.997307083004115    
  0.21475      0.9973079964608899    
  0.2152      0.997308911711316    
  0.21565      0.9973098287546224    
  0.21610000000000001      0.9973107475900332    
  0.21655000000000002      0.9973116682167718    
  0.21700000000000003      0.9973125906340611    
  0.21745000000000003      0.9973135148411207    
  0.2179      0.9973144408371688    
  0.21835000000000002      0.9973153686214257    
  0.21880000000000002      0.9973162981931023    
  0.21925      0.9973172295514148    
  0.2197      0.9973181626955747    
  0.22015      0.9973190976247925    
  0.22060000000000002      0.9973200343382777    
  0.22105000000000002      0.997320972835238    
  0.22150000000000003      0.9973219131148762    
  0.22195000000000004      0.9973228551763995    
  0.22240000000000001      0.997323799019008    
  0.22285000000000002      0.9973247446419032    
  0.2233      0.9973256920442833    
  0.22375      0.9973266412253465    
  0.2242      0.9973275921842881    
  0.22465000000000002      0.9973285449203014    
  0.22510000000000002      0.9973294994325796    
  0.22555000000000003      0.9973304557203138    
  0.226      0.9973314137826922    
  0.22645      0.9973323736189024    
  0.22690000000000002      0.99733333522813    
  0.22735000000000002      0.99733429860956    
  0.22780000000000003      0.9973352637623738    
  0.22825      0.9973362306857525    
  0.22870000000000001      0.9973371993788755    
  0.22915000000000002      0.9973381698409205    
  0.22960000000000003      0.9973391420710637    
  0.23005      0.9973401160684785    
  0.2305      0.9973410918323387    
  0.23095000000000002      0.9973420693618126    
  0.23140000000000002      0.9973430486560725    
  0.23185000000000003      0.9973440297142842    
  0.2323      0.9973450125356151    
  0.23275      0.997345997119228    
  0.23320000000000002      0.9973469834642874    
  0.23365000000000002      0.9973479715699523    
  0.23410000000000003      0.9973489614353823    
  0.23455      0.9973499530597382    
  0.23500000000000001      0.9973509464421723    
  0.23545000000000002      0.9973519415818416    
  0.23590000000000003      0.9973529384778969    
  0.23635      0.9973539371294909    
  0.2368      0.9973549375357741    
  0.23725000000000002      0.997355939695891    
  0.23770000000000002      0.9973569436089892    
  0.23815000000000003      0.9973579492742151    
  0.2386      0.9973589566907107    
  0.23905      0.9973599658576157    
  0.23950000000000002      0.9973609767740713    
  0.23995000000000002      0.9973619894392145    
  0.24040000000000003      0.9973630038521826    
  0.24085      0.997364020012111    
  0.24130000000000001      0.9973650379181294    
  0.24175000000000002      0.9973660575693728    
  0.24220000000000003      0.9973670789649691    
  0.24265000000000003      0.997368102104045    
  0.2431      0.9973691269857311    
  0.24355000000000002      0.9973701536091487    
  0.24400000000000002      0.9973711819734223    
  0.24445000000000003      0.9973722120776722    
  0.2449      0.997373243921019    
  0.24535      0.9973742775025817    
  0.24580000000000002      0.9973753128214756    
  0.24625000000000002      0.997376349876816    
  0.24670000000000003      0.997377388667716    
  0.24715      0.9973784291932876    
  0.24760000000000001      0.9973794714526405    
  0.24805000000000002      0.9973805154448827    
  0.24850000000000003      0.9973815611691212    
  0.24895000000000003      0.9973826086244598    
  0.2494      0.9973836578100034    
  0.24985000000000002      0.9973847087248539    
  0.2503      0.9973857613681099    
  0.25075000000000003      0.9973868157388707    
  0.2512      0.9973878718362321    
  0.25165000000000004      0.9973889296592902    
  0.2521      0.9973899892071387    
  0.25255000000000005      0.997391050478868    
  0.253      0.9973921134735689    
  0.25345      0.9973931781903307    
  0.2539      0.9973942446282387    
  0.25435      0.9973953127863779    
  0.2548      0.9973963826638345    
  0.25525000000000003      0.9973974542596871    
  0.25570000000000004      0.9973985275730191    
  0.25615      0.9973996026029065    
  0.25660000000000005      0.9974006793484279    
  0.25705      0.9974017578086568    
  0.2575      0.9974028379826687    
  0.25795      0.9974039198695344    
  0.2584      0.9974050034683245    
  0.25885      0.9974060887781077    
  0.25930000000000003      0.9974071757979517    
  0.25975000000000004      0.9974082645269206    
  0.2602      0.9974093549640792    
  0.26065000000000005      0.9974104471084889    
  0.2611      0.9974115409592103    
  0.26155000000000006      0.9974126365153029    
  0.262      0.9974137337758225    
  0.26245      0.9974148327398269    
  0.2629      0.9974159334063657    
  0.26335000000000003      0.9974170357744954    
  0.26380000000000003      0.9974181398432648    
  0.26425      0.9974192456117225    
  0.26470000000000005      0.9974203530789155    
  0.26515      0.9974214622438914    
  0.26560000000000006      0.99742257310569    
  0.26605      0.9974236856633587    
  0.2665      0.9974247999159345    
  0.26695      0.9974259158624578    
  0.2674      0.9974270335019662    
  0.26785000000000003      0.9974281528334936    
  0.2683      0.9974292738560762    
  0.26875000000000004      0.997430396568745    
  0.2692      0.9974315209705321    
  0.26965000000000006      0.9974326470604645    
  0.2701      0.9974337748375712    
  0.27055      0.9974349043008777    
  0.271      0.9974360354494077    
  0.27145      0.9974371682821837    
  0.27190000000000003      0.9974383027982279    
  0.27235      0.9974394389965581    
  0.27280000000000004      0.9974405768761918    
  0.27325      0.9974417164361453    
  0.27370000000000005      0.9974428576754326    
  0.27415      0.997444000593066    
  0.2746      0.9974451451880584    
  0.27505      0.997446291459416    
  0.2755      0.9974474394061481    
  0.27595000000000003      0.9974485890272624    
  0.27640000000000003      0.9974497403217599    
  0.27685000000000004      0.9974508932886459    
  0.2773      0.9974520479269197    
  0.27775000000000005      0.997453204235581    
  0.2782      0.9974543622136286    
  0.27865      0.9974555218600577    
  0.2791      0.9974566831738623    
  0.27955      0.9974578461540369    
  0.28      0.997459010799571    
  0.28045000000000003      0.9974601771094554    
  0.28090000000000004      0.9974613450826773    
  0.28135      0.9974625147182224    
  0.28180000000000005      0.9974636860150762    
  0.28225      0.9974648589722214    
  0.28270000000000006      0.9974660335886392    
  0.28315      0.9974672098633086    
  0.2836      0.9974683877952077    
  0.28405      0.9974695673833136    
  0.28450000000000003      0.9974707486266008    
  0.28495000000000004      0.9974719315240418    
  0.2854      0.997473116074608    
  0.28585000000000005      0.9974743022772693    
  0.2863      0.9974754901309937    
  0.28675000000000006      0.9974766796347494    
  0.2872      0.9974778707874988    
  0.28765      0.9974790635882047    
  0.2881      0.9974802580358311    
  0.28855000000000003      0.9974814541293353    
  0.28900000000000003      0.9974826518676778    
  0.28945      0.9974838512498135    
  0.28990000000000005      0.997485052274699    
  0.29035      0.9974862549412848    
  0.29080000000000006      0.9974874592485253    
  0.29125      0.9974886651953692    
  0.2917      0.9974898727807636    
  0.29215      0.9974910820036577    
  0.2926      0.9974922928629952    
  0.29305000000000003      0.9974935053577199    
  0.2935      0.997494719486773    
  0.29395000000000004      0.9974959352490946    
  0.2944      0.9974971526436238    
  0.29485000000000006      0.9974983716692973    
  0.2953      0.9974995923250493    
  0.29575      0.997500814609814    
  0.2962      0.9975020385225244    
  0.29665      0.9975032640621078    
  0.29710000000000003      0.9975044912274971    
  0.29755000000000004      0.9975057200176146    
  0.29800000000000004      0.9975069504313874    
  0.29845      0.9975081824677414    
  0.29890000000000005      0.9975094161255947    
  0.29935      0.9975106514038716    
  0.2998      0.9975118883014862    
  0.30025      0.9975131268173604    
  0.3007      0.9975143669504074    
  0.30115000000000003      0.9975156086995399    
  0.30160000000000003      0.9975168520636727    
  0.30205000000000004      0.9975180970417132    
  0.3025      0.9975193436325726    
  0.30295000000000005      0.9975205918351576    
  0.3034      0.9975218416483727    
  0.30385000000000006      0.9975230930711226    
  0.3043      0.9975243461023106    
  0.30475      0.9975256007408358    
  0.3052      0.9975268569855976    
  0.30565000000000003      0.9975281148354939    
  0.30610000000000004      0.9975293742894205    
  0.30655      0.9975306353462696    
  0.30700000000000005      0.9975318980049366    
  0.30745      0.9975331622643098    
  0.30790000000000006      0.9975344281232794    
  0.30835      0.9975356955807327    
  0.3088      0.997536964635556    
  0.30925      0.9975382352866337    
  0.30970000000000003      0.9975395075328468    
  0.31015000000000004      0.997540781373078    
  0.3106      0.9975420568062053    
  0.31105000000000005      0.9975433338311077    
  0.3115      0.9975446124466605    
  0.31195000000000006      0.997545892651738    
  0.3124      0.9975471744452141    
  0.31285      0.9975484578259567    
  0.3133      0.9975497427928397    
  0.31375000000000003      0.9975510293447274    
  0.31420000000000003      0.9975523174804888    
  0.31465      0.9975536071989857    
  0.31510000000000005      0.9975548984990829    
  0.31555      0.9975561913796404    
  0.31600000000000006      0.9975574858395185    
  0.31645      0.9975587818775764    
  0.3169      0.9975600794926691    
  0.31735      0.9975613786836501    
  0.3178      0.9975626794493746    
  0.31825000000000003      0.9975639817886944    
  0.31870000000000004      0.9975652857004569    
  0.31915000000000004      0.997566591183513    
  0.3196      0.9975678982367081    
  0.32005000000000006      0.9975692068588855    
  0.3205      0.9975705170488913    
  0.32095      0.9975718288055652    
  0.3214      0.9975731421277476    
  0.32185      0.9975744570142782    
  0.32230000000000003      0.9975757734639915    
  0.32275000000000004      0.9975770914757245    
  0.32320000000000004      0.9975784110483099    
  0.32365      0.9975797321805793    
  0.32410000000000005      0.9975810548713624    
  0.32455      0.9975823791194908    
  0.32500000000000007      0.9975837049237872    
  0.32545      0.9975850322830804    
  0.3259      0.997586361196191    
  0.32635000000000003      0.997587691661943    
  0.32680000000000003      0.9975890236791578    
  0.32725000000000004      0.9975903572466517    
  0.3277      0.9975916923632434    
  0.32815000000000005      0.997593029027747    
  0.3286      0.9975943672389783    
  0.32905000000000006      0.9975957069957482    
  0.3295      0.9975970482968687    
  0.32995      0.997598391141147    
  0.3304      0.9975997355273916    
  0.33085000000000003      0.9976010814544077    
  0.33130000000000004      0.9976024289210006    
  0.33175000000000004      0.997603777925971    
  0.33220000000000005      0.9976051284681201    
  0.33265      0.9976064805462482    
  0.3331      0.9976078341591523    
  0.33355      0.9976091893056287    
  0.334      0.9976105459844704    
  0.33445      0.997611904194472    
  0.33490000000000003      0.9976132639344238    
  0.33535000000000004      0.997614625203115    
  0.33580000000000004      0.9976159879993324    
  0.33625000000000005      0.9976173523218649    
  0.33670000000000005      0.9976187181694955    
  0.33715      0.9976200855410069    
  0.3376      0.9976214544351799    
  0.33805      0.9976228248507959    
  0.3385      0.997624196786633    
  0.33895000000000003      0.9976255702414653    
  0.33940000000000003      0.9976269452140701    
  0.33985000000000004      0.9976283217032187    
  0.34030000000000005      0.9976296997076841    
  0.34075000000000005      0.9976310792262353    
  0.3412      0.997632460257641    
  0.34165      0.99763384280067    
  0.3421      0.9976352268540833    
  0.34255      0.997636612416648    
  0.343      0.9976379994871235    
  0.34345000000000003      0.9976393880642702    
  0.34390000000000004      0.9976407781468489    
  0.34435000000000004      0.9976421697336145    
  0.34480000000000005      0.9976435628233237    
  0.34525000000000006      0.9976449574147297    
  0.3457      0.9976463535065829    
  0.34615      0.9976477510976369    
  0.3466      0.9976491501866385    
  0.34705      0.9976505507723356    
  0.34750000000000003      0.9976519528534744    
  0.34795000000000004      0.9976533564287978    
  0.34840000000000004      0.9976547614970495    
  0.34885000000000005      0.997656168056969    
  0.34930000000000005      0.9976575761072966    
  0.34975      0.9976589856467695    
  0.3502      0.9976603966741233    
  0.35065      0.9976618091880926    
  0.3511      0.997663223187411    
  0.35155000000000003      0.9976646386708077    
  0.35200000000000004      0.9976660556370132    
  0.35245000000000004      0.9976674740847555    
  0.35290000000000005      0.9976688940127607    
  0.35335000000000005      0.9976703154197548    
  0.3538      0.997671738304459    
  0.35425      0.997673162665595    
  0.3547      0.9976745885018827    
  0.35515      0.997676015812042    
  0.3556      0.9976774445947881    
  0.35605000000000003      0.997678874848835    
  0.35650000000000004      0.9976803065728981    
  0.35695000000000005      0.9976817397656872    
  0.35740000000000005      0.997683174425914    
  0.35785      0.9976846105522867    
  0.3583      0.9976860481435116    
  0.35875      0.9976874871982948    
  0.3592      0.9976889277153401    
  0.35965      0.9976903696933486    
  0.36010000000000003      0.9976918131310224    
  0.36055000000000004      0.9976932580270587    
  0.36100000000000004      0.997694704380157    
  0.36145000000000005      0.9976961521890101    
  0.3619      0.9976976014523143    
  0.36235000000000006      0.9976990521687618    
  0.3628      0.9977005043370427    
  0.36325      0.9977019579558472    
  0.3637      0.9977034130238619    
  0.36415000000000003      0.9977048695397749    
  0.36460000000000004      0.9977063275022674    
  0.36505000000000004      0.9977077869100258    
  0.36550000000000005      0.9977092477617283    
  0.36595000000000005      0.9977107100560569    
  0.36640000000000006      0.9977121737916889    
  0.36685      0.9977136389673016    
  0.3673      0.9977151055815676    
  0.36775      0.997716573633162    
  0.3682      0.9977180431207561    
  0.36865000000000003      0.9977195140430206    
  0.36910000000000004      0.9977209863986224    
  0.36955000000000005      0.9977224601862296    
  0.37000000000000005      0.9977239354045085    
  0.37045000000000006      0.9977254120521205    
  0.3709      0.9977268901277283    
  0.37135      0.9977283696299937    
  0.3718      0.9977298505575748    
  0.37225      0.9977313329091283    
  0.37270000000000003      0.9977328166833109    
  0.37315000000000004      0.9977343018787768    
  0.37360000000000004      0.9977357884941771    
  0.37405000000000005      0.9977372765281646    
  0.37450000000000006      0.9977387659793877    
  0.37495      0.997740256846495    
  0.3754      0.9977417491281314    
  0.37585      0.997743242822942    
  0.3763      0.9977447379295705    
  0.37675000000000003      0.9977462344466574    
  0.37720000000000004      0.9977477323728429    
  0.37765000000000004      0.9977492317067657    
  0.37810000000000005      0.9977507324470619    
  0.37855000000000005      0.9977522345923655    
  0.379      0.9977537381413123    
  0.37945      0.9977552430925324    
  0.3799      0.9977567494446573    
  0.38035      0.997758257196316    
  0.3808      0.997759766346134    
  0.38125000000000003      0.9977612768927381    
  0.38170000000000004      0.9977627888347504    
  0.38215000000000005      0.9977643021707958    
  0.38260000000000005      0.9977658168994947    
  0.38305      0.9977673330194656    
  0.38350000000000006      0.9977688505293266    
  0.38395      0.9977703694276933    
  0.3844      0.9977718897131792    
  0.38485      0.9977734113844003    
  0.38530000000000003      0.9977749344399653    
  0.38575000000000004      0.9977764588784847    
  0.38620000000000004      0.997777984698566    
  0.38665000000000005      0.9977795118988172    
  0.38710000000000006      0.997781040477844    
  0.38755000000000006      0.9977825704342472    
  0.388      0.9977841017666301    
  0.38845      0.9977856344735939    
  0.3889      0.9977871685537355    
  0.38935000000000003      0.9977887040056532    
  0.38980000000000004      0.9977902408279424    
  0.39025000000000004      0.9977917790191984    
  0.39070000000000005      0.9977933185780105    
  0.39115000000000005      0.9977948595029734    
  0.39160000000000006      0.9977964017926737    
  0.39205      0.9977979454457    
  0.3925      0.9977994904606385    
  0.39295      0.9978010368360747    
  0.3934      0.9978025845705895    
  0.39385000000000003      0.9978041336627667    
  0.39430000000000004      0.9978056841111846    
  0.39475000000000005      0.9978072359144226    
  0.39520000000000005      0.9978087890710572    
  0.39565000000000006      0.9978103435796636    
  0.3961      0.9978118994388149    
  0.39655      0.997813456647084    
  0.397      0.9978150152030406    
  0.39745      0.9978165751052547    
  0.39790000000000003      0.9978181363522934    
  0.39835000000000004      0.9978196989427228    
  0.39880000000000004      0.9978212628751064    
  0.39925000000000005      0.9978228281480088    
  0.39970000000000006      0.9978243947599879    
  0.40015      0.9978259627096062    
  0.40060000000000007      0.9978275319954202    
  0.40105      0.9978291026159877    
  0.4015      0.9978306745698634    
  0.40195000000000003      0.9978322478555995    
  0.40240000000000004      0.9978338224717498    
  0.40285000000000004      0.9978353984168631    
  0.40330000000000005      0.9978369756894893    
  0.40375000000000005      0.9978385542881739    
  0.4042      0.997840134211464    
  0.40465000000000007      0.9978417154579029    
  0.4051      0.9978432980260353    
  0.40555      0.9978448819143998    
  0.406      0.9978464671215367    
  0.40645000000000003      0.9978480536459845    
  0.40690000000000004      0.9978496414862781    
  0.40735000000000005      0.9978512306409535    
  0.40780000000000005      0.9978528211085441    
  0.40825      0.9978544128875807    
  0.40870000000000006      0.9978560059765942    
  0.40915      0.9978576003741131    
  0.4096      0.997859196078665    
  0.41005      0.997860793088775    
  0.41050000000000003      0.9978623914029676    
  0.41095000000000004      0.9978639910197654    
  0.41140000000000004      0.9978655919376883    
  0.41185000000000005      0.9978671941552568    
  0.41230000000000006      0.9978687976709878    
  0.41275000000000006      0.9978704024833988    
  0.4132      0.9978720085910042    
  0.41365      0.9978736159923166    
  0.4141      0.997875224685849    
  0.41455000000000003      0.9978768346701108    
  0.41500000000000004      0.9978784459436109    
  0.41545000000000004      0.9978800585048565    
  0.41590000000000005      0.9978816723523533    
  0.41635000000000005      0.9978832874846051    
  0.41680000000000006      0.9978849039001165    
  0.41725      0.9978865215973841    
  0.4177      0.9978881405749124    
  0.41815      0.997889760831196    
  0.4186      0.997891382364734    
  0.41905000000000003      0.9978930051740179    
  0.41950000000000004      0.9978946292575435    
  0.41995000000000005      0.9978962546138038    
  0.42040000000000005      0.9978978812412869    
  0.42085000000000006      0.9978995091384822    
  0.4213      0.9979011383038778    
  0.42175000000000007      0.9979027687359592    
  0.4222      0.9979044004332104    
  0.42265      0.9979060333941147    
  0.42310000000000003      0.9979076676171538    
  0.42355000000000004      0.9979093031008052    
  0.42400000000000004      0.9979109398435502    
  0.42445000000000005      0.9979125778438631    
  0.42490000000000006      0.9979142171002215    
  0.42535      0.9979158576110965    
  0.42580000000000007      0.9979174993749624    
  0.42625      0.9979191423902884    
  0.4267      0.9979207866555452    
  0.42715000000000003      0.9979224321691993    
  0.42760000000000004      0.9979240789297166    
  0.42805000000000004      0.9979257269355624    
  0.42850000000000005      0.9979273761852002    
  0.42895000000000005      0.997929026677092    
  0.4294      0.9979306784096958    
  0.42985000000000007      0.9979323313814731    
  0.4303      0.9979339855908786    
  0.43075      0.9979356410363691    
  0.4312      0.9979372977163992    
  0.43165000000000003      0.9979389556294203    
  0.43210000000000004      0.9979406147738852    
  0.43255000000000005      0.9979422751482415    
  0.43300000000000005      0.99794393675094    
  0.43345      0.997945599580425    
  0.43390000000000006      0.997947263635141    
  0.43435      0.9979489289135349    
  0.4348      0.9979505954140473    
  0.43525      0.997952263135118    
  0.43570000000000003      0.9979539320751877    
  0.43615000000000004      0.9979556022326928    
  0.43660000000000004      0.997957273606071    
  0.43705000000000005      0.9979589461937541    
  0.43750000000000006      0.9979606199941788    
  0.43795000000000006      0.9979622950057747    
  0.4384      0.9979639712269739    
  0.43885      0.9979656486562036    
  0.4393      0.997967327291891    
  0.43975000000000003      0.9979690071324636    
  0.44020000000000004      0.9979706881763442    
  0.44065000000000004      0.9979723704219561    
  0.44110000000000005      0.9979740538677209    
  0.44155000000000005      0.997975738512058    
  0.44200000000000006      0.9979774243533868    
  0.44245      0.9979791113901236    
  0.44290000000000007      0.997980799620684    
  0.44335      0.9979824890434825    
  0.44380000000000003      0.9979841796569305    
  0.44425000000000003      0.9979858714594393    
  0.44470000000000004      0.9979875644494194    
  0.44515000000000005      0.9979892586252789    
  0.44560000000000005      0.9979909539854237    
  0.44605000000000006      0.99799265052826    
  0.4465      0.9979943482521904    
  0.44695000000000007      0.997996047155618    
  0.4474      0.9979977472369421    
  0.44785      0.9979994484945642    
  0.44830000000000003      0.9980011509268812    
  0.44875000000000004      0.9980028545322899    
  0.44920000000000004      0.9980045593091833    
  0.44965000000000005      0.9980062652559583    
  0.45010000000000006      0.9980079723710041    
  0.45055      0.998009680652713    
  0.45100000000000007      0.9980113900994727    
  0.45145      0.9980131007096715    
  0.4519      0.9980148124816965    
  0.45235000000000003      0.998016525413932    
  0.45280000000000004      0.9980182395047609    
  0.45325000000000004      0.9980199547525643    
  0.45370000000000005      0.9980216711557246    
  0.45415000000000005      0.9980233887126194    
  0.4546      0.9980251074216271    
  0.45505000000000007      0.9980268272811225    
  0.4555      0.9980285482894822    
  0.4559500000000001      0.9980302704450774    
  0.45640000000000003      0.9980319937462807    
  0.45685000000000003      0.9980337181914622    
  0.45730000000000004      0.9980354437789913    
  0.45775000000000005      0.9980371705072356    
  0.45820000000000005      0.9980388983745606    
  0.45865      0.9980406273793312    
  0.45910000000000006      0.998042357519909    
  0.45955      0.9980440887946582    
  0.4600000000000001      0.9980458212019374    
  0.46045      0.9980475547401054    
  0.46090000000000003      0.9980492894075206    
  0.46135000000000004      0.9980510252025385    
  0.46180000000000004      0.998052762123514    
  0.46225000000000005      0.998054500168799    
  0.4627      0.9980562393367478    
  0.46315000000000006      0.998057979625706    
  0.4636      0.9980597210340277    
  0.4640500000000001      0.9980614635600584    
  0.4645      0.9980632072021425    
  0.46495000000000003      0.9980649519586259    
  0.46540000000000004      0.9980666978278524    
  0.46585000000000004      0.9980684448081629    
  0.46630000000000005      0.9980701928978984    
  0.46675      0.998071942095396    
  0.46720000000000006      0.9980736923989951    
  0.46765      0.9980754438070318    
  0.46810000000000007      0.9980771963178398    
  0.46855      0.998078949929753    
  0.46900000000000003      0.9980807046411038    
  0.46945000000000003      0.9980824604502214    
  0.46990000000000004      0.9980842173554352    
  0.47035000000000005      0.9980859753550739    
  0.47080000000000005      0.9980877344474628    
  0.47125000000000006      0.9980894946309262    
  0.4717      0.998091255903789    
  0.47215000000000007      0.9980930182643739    
  0.4726      0.9980947817109983    
  0.4730500000000001      0.9980965462419847    
  0.47350000000000003      0.9980983118556489    
  0.47395000000000004      0.9981000785503091    
  0.47440000000000004      0.9981018463242781    
  0.47485000000000005      0.9981036151758718    
  0.47530000000000006      0.9981053851034016    
  0.47575      0.9981071561051785    
  0.47620000000000007      0.9981089281795116    
  0.47665      0.9981107013247095    
  0.4771000000000001      0.99811247553908    
  0.47755000000000003      0.9981142508209262    
  0.47800000000000004      0.9981160271685531    
  0.47845000000000004      0.9981178045802644    
  0.47890000000000005      0.998119583054361    
  0.47935000000000005      0.9981213625891407    
  0.4798      0.9981231431829034    
  0.48025000000000007      0.998124924833946    
  0.4807      0.9981267075405663    
  0.4811500000000001      0.9981284913010555    
  0.48160000000000003      0.9981302761137085    
  0.48205000000000003      0.9981320619768161    
  0.48250000000000004      0.9981338488886685    
  0.48295000000000005      0.9981356368475554    
  0.48340000000000005      0.9981374258517648    
  0.48385      0.9981392158995792    
  0.48430000000000006      0.9981410069892878    
  0.48475      0.9981427991191715    
  0.4852000000000001      0.9981445922875143    
  0.48565      0.9981463864925948    
  0.48610000000000003      0.9981481817326927    
  0.48655000000000004      0.9981499780060877    
  0.48700000000000004      0.9981517753110547    
  0.48745000000000005      0.9981535736458693    
  0.4879      0.9981553730088064    
  0.48835000000000006      0.9981571733981377    
  0.4888      0.9981589748121349    
  0.4892500000000001      0.9981607772490676    
  0.4897      0.9981625807072037    
  0.49015000000000003      0.9981643851848114    
  0.49060000000000004      0.9981661906801569    
  0.49105000000000004      0.9981679971915027    
  0.49150000000000005      0.998169804717115    
  0.49195000000000005      0.9981716132552538    
  0.49240000000000006      0.9981734228041802    
  0.49285      0.998175233362152    
  0.49330000000000007      0.9981770449274274    
  0.49375      0.9981788574982642    
  0.4942000000000001      0.9981806710729166    
  0.49465000000000003      0.9981824856496397    
  0.49510000000000004      0.998184301226685    
  0.49555000000000005      0.9981861178023026    
  0.49600000000000005      0.9981879353747442    
  0.49645000000000006      0.9981897539422574    
  0.4969      0.99819157350309    
  0.49735000000000007      0.9981933940554872    
  0.4978      0.9981952155976935    
  0.4982500000000001      0.9981970381279537    
  0.49870000000000003      0.9981988616445077    
  0.49915000000000004      0.9982006861455974    
  0.49960000000000004      0.9982025116294632    
  0.5000500000000001      0.9982043380943393    
  0.5005000000000001      0.9982061655384655    
  0.50095      0.9982079939600768    
  0.5014000000000001      0.998209823357407    
  0.50185      0.9982116537286887    
  0.5023000000000001      0.998213485072153    
  0.50275      0.9982153173860305    
  0.5032000000000001      0.9982171506685513    
  0.50365      0.9982189849179414    
  0.5041      0.9982208201324277    
  0.50455      0.9982226563102341    
  0.505      0.9982244934495864    
  0.5054500000000001      0.9982263315487045    
  0.5059      0.998228170605811    
  0.5063500000000001      0.998230010619126    
  0.5068      0.9982318515868678    
  0.50725      0.9982336935072529    
  0.5077      0.9982355363784973    
  0.5081500000000001      0.9982373801988167    
  0.5086      0.9982392249664237    
  0.50905      0.9982410706795306    
  0.5095000000000001      0.9982429173363478    
  0.50995      0.9982447649350861    
  0.5104000000000001      0.9982466134739522    
  0.51085      0.9982484629511549    
  0.5113000000000001      0.9982503133648987    
  0.51175      0.9982521647133872    
  0.5122      0.9982540169948257    
  0.51265      0.9982558702074156    
  0.5131000000000001      0.9982577243493564    
  0.5135500000000001      0.9982595794188481    
  0.514      0.9982614354140903    
  0.5144500000000001      0.998263292333277    
  0.5149      0.9982651501746054    
  0.5153500000000001      0.9982670089362711    
  0.5158      0.9982688686164662    
  0.5162500000000001      0.9982707292133816    
  0.5167      0.9982725907252085    
  0.51715      0.9982744531501375    
  0.5176000000000001      0.9982763164863548    
  0.51805      0.9982781807320479    
  0.5185000000000001      0.9982800458854031    
  0.51895      0.9982819119446062    
  0.5194000000000001      0.9982837789078365    
  0.51985      0.9982856467732791    
  0.5203      0.9982875155391131    
  0.52075      0.9982893852035181    
  0.5212000000000001      0.9982912557646729    
  0.5216500000000001      0.998293127220755    
  0.5221      0.9982949995699383    
  0.5225500000000001      0.9982968728103997    
  0.523      0.9982987469403093    
  0.5234500000000001      0.9983006219578432    
  0.5239      0.9983024978611679    
  0.5243500000000001      0.9983043746484569    
  0.5248      0.9983062523178763    
  0.52525      0.9983081308675944    
  0.5257000000000001      0.9983100102957752    
  0.52615      0.9983118906005862    
  0.5266000000000001      0.9983137717801892    
  0.52705      0.9983156538327471    
  0.5275000000000001      0.9983175367564219    
  0.52795      0.9983194205493711    
  0.5284      0.9983213052097551    
  0.52885      0.9983231907357312    
  0.5293000000000001      0.9983250771254566    
  0.52975      0.9983269643770843    
  0.5302      0.9983288524887706    
  0.5306500000000001      0.9983307414586656    
  0.5311      0.9983326312849237    
  0.5315500000000001      0.998334521965693    
  0.532      0.9983364134991229    
  0.5324500000000001      0.9983383058833627    
  0.5329      0.9983401991165586    
  0.53335      0.9983420931968545    
  0.5338      0.9983439881223981    
  0.5342500000000001      0.9983458838913297    
  0.5347000000000001      0.9983477805017923    
  0.53515      0.9983496779519276    
  0.5356000000000001      0.9983515762398737    
  0.53605      0.9983534753637704    
  0.5365      0.9983553753217538    
  0.53695      0.9983572761119619    
  0.5374000000000001      0.998359177732528    
  0.53785      0.9983610801815873    
  0.5383      0.9983629834572711    
  0.5387500000000001      0.998364887557712    
  0.5392      0.99836679248104    
  0.5396500000000001      0.9983686982253842    
  0.5401      0.9983706047888729    
  0.5405500000000001      0.9983725121696334    
  0.541      0.998374420365789    
  0.54145      0.9983763293754669    
  0.5419      0.99837823919679    
  0.5423500000000001      0.9983801498278797    
  0.5428000000000001      0.998382061266859    
  0.54325      0.9983839735118456    
  0.5437000000000001      0.9983858865609605    
  0.54415      0.9983878004123199    
  0.5446000000000001      0.9983897150640412    
  0.54505      0.9983916305142388    
  0.5455000000000001      0.9983935467610282    
  0.54595      0.9983954638025225    
  0.5464      0.998397381636833    
  0.5468500000000001      0.9983993002620707    
  0.5473      0.998401219676347    
  0.5477500000000001      0.9984031398777681    
  0.5482      0.9984050608644437    
  0.5486500000000001      0.9984069826344782    
  0.5491      0.9984089051859802    
  0.54955      0.9984108285170513    
  0.55      0.9984127526257948    
  0.5504500000000001      0.9984146775103125    
  0.5509000000000001      0.998416603168706    
  0.55135      0.998418529599076    
  0.5518000000000001      0.9984204567995194    
  0.55225      0.9984223847681347    
  0.5527000000000001      0.9984243135030184    
  0.55315      0.9984262430022662    
  0.5536000000000001      0.9984281732639718    
  0.55405      0.9984301042862276    
  0.5545      0.9984320360671283    
  0.55495      0.9984339686047617    
  0.5554000000000001      0.99843590189722    
  0.5558500000000001      0.9984378359425911    
  0.5563      0.9984397707389636    
  0.5567500000000001      0.9984417062844231    
  0.5572      0.9984436425770554    
  0.55765      0.9984455796149463    
  0.5581      0.9984475173961779    
  0.5585500000000001      0.9984494559188325    
  0.559      0.998451395180993    
  0.55945      0.9984533351807365    
  0.5599000000000001      0.9984552759161459    
  0.56035      0.9984572173852964    
  0.5608000000000001      0.9984591595862676    
  0.56125      0.9984611025171334    
  0.5617000000000001      0.9984630461759694    
  0.56215      0.9984649905608506    
  0.5626000000000001      0.9984669356698479    
  0.56305      0.998468881501034    
  0.5635000000000001      0.9984708280524789    
  0.5639500000000001      0.9984727753222555    
  0.5644000000000001      0.9984747233084275    
  0.5648500000000001      0.9984766720090659    
  0.5653      0.9984786214222356    
  0.5657500000000001      0.9984805715460036    
  0.5662      0.9984825223784333    
  0.5666500000000001      0.9984844739175888    
  0.5671      0.9984864261615315    
  0.5675500000000001      0.9984883791083241    
  0.5680000000000001      0.9984903327560257    
  0.5684500000000001      0.9984922871026964    
  0.5689000000000001      0.9984942421463948    
  0.56935      0.9984961978851782    
  0.5698000000000001      0.9984981543171008    
  0.57025      0.9985001114402208    
  0.5707000000000001      0.9985020692525909    
  0.57115      0.998504027752265    
  0.5716000000000001      0.998505986937294    
  0.5720500000000001      0.998507946805731    
  0.5725000000000001      0.9985099073556245    
  0.5729500000000001      0.9985118685850246    
  0.5734000000000001      0.99851383049198    
  0.5738500000000001      0.9985157930745366    
  0.5743      0.9985177563307428    
  0.5747500000000001      0.9985197202586413    
  0.5752      0.998521684856278    
  0.5756500000000001      0.9985236501216946    
  0.5761000000000001      0.998525616052936    
  0.5765500000000001      0.9985275826480408    
  0.5770000000000001      0.9985295499050498    
  0.5774500000000001      0.9985315178220043    
  0.5779000000000001      0.9985334863969405    
  0.57835      0.9985354556278967    
  0.5788000000000001      0.998537425512909    
  0.57925      0.9985393960500144    
  0.5797000000000001      0.9985413672372438    
  0.58015      0.9985433390726344    
  0.5806000000000001      0.9985453115542168    
  0.5810500000000001      0.9985472846800236    
  0.5815000000000001      0.9985492584480834    
  0.5819500000000001      0.9985512328564274    
  0.5824      0.9985532079030858    
  0.5828500000000001      0.9985551835860839    
  0.5833      0.9985571599034504    
  0.5837500000000001      0.9985591368532084    
  0.5842      0.9985611144333861    
  0.5846500000000001      0.9985630926420057    
  0.5851000000000001      0.9985650714770903    
  0.5855500000000001      0.9985670509366621    
  0.5860000000000001      0.9985690310187427    
  0.58645      0.9985710117213518    
  0.5869000000000001      0.9985729930425093    
  0.58735      0.9985749749802337    
  0.5878000000000001      0.9985769575325416    
  0.58825      0.9985789406974508    
  0.5887000000000001      0.9985809244729759    
  0.5891500000000001      0.9985829088571316    
  0.5896000000000001      0.9985848938479313    
  0.5900500000000001      0.9985868794433899    
  0.5905      0.9985888656415183    
  0.5909500000000001      0.9985908524403269    
  0.5914      0.9985928398378255    
  0.5918500000000001      0.9985948278320244    
  0.5923      0.998596816420932    
  0.5927500000000001      0.9985988056025561    
  0.5932000000000001      0.9986007953749022    
  0.5936500000000001      0.998602785735976    
  0.5941000000000001      0.9986047766837834    
  0.5945500000000001      0.9986067682163268    
  0.5950000000000001      0.9986087603316111    
  0.59545      0.998610753027637    
  0.5959000000000001      0.9986127463024064    
  0.59635      0.9986147401539188    
  0.5968000000000001      0.9986167345801753    
  0.5972500000000001      0.9986187295791733    
  0.5977000000000001      0.9986207251489105    
  0.5981500000000001      0.9986227212873848    
  0.5986      0.9986247179925913    
  0.5990500000000001      0.998626715262525    
  0.5995      0.9986287130951816    
  0.5999500000000001      0.9986307114885526    
  0.6004      0.9986327104406314    
  0.6008500000000001      0.998634709949412    
  0.6013000000000001      0.998636710012882    
  0.6017500000000001      0.9986387106290335    
  0.6022000000000001      0.9986407117958537    
  0.6026500000000001      0.9986427135113329    
  0.6031000000000001      0.9986447157734586    
  0.60355      0.9986467185802156    
  0.6040000000000001      0.9986487219295916    
  0.60445      0.9986507258195718    
  0.6049000000000001      0.9986527302481389    
  0.60535      0.9986547352132776    
  0.6058000000000001      0.9986567407129694    
  0.6062500000000001      0.9986587467451963    
  0.6067000000000001      0.9986607533079394    
  0.6071500000000001      0.9986627603991802    
  0.6076      0.9986647680168952    
  0.6080500000000001      0.9986667761590647    
  0.6085      0.998668784823666    
  0.6089500000000001      0.9986707940086761    
  0.6094      0.998672803712071    
  0.6098500000000001      0.998674813931826    
  0.6103000000000001      0.9986768246659145    
  0.6107500000000001      0.998678835912312    
  0.6112000000000001      0.9986808476689903    
  0.61165      0.9986828599339216    
  0.6121000000000001      0.9986848727050768    
  0.61255      0.998686885980428    
  0.6130000000000001      0.9986888997579441    
  0.61345      0.9986909140355917    
  0.6139000000000001      0.9986929288113428    
  0.6143500000000001      0.9986949440831622    
  0.6148000000000001      0.9986969598490187    
  0.6152500000000001      0.9986989761068761    
  0.6157000000000001      0.9987009928547002    
  0.6161500000000001      0.9987030100904551    
  0.6166      0.9987050278121055    
  0.6170500000000001      0.998707046017613    
  0.6175      0.9987090647049404    
  0.6179500000000001      0.9987110838720503    
  0.6184000000000001      0.9987131035168996    
  0.6188500000000001      0.9987151236374512    
  0.6193000000000001      0.9987171442316627    
  0.61975      0.9987191652974945    
  0.6202000000000001      0.9987211868329022    
  0.62065      0.9987232088358434    
  0.6211000000000001      0.9987252313042732    
  0.62155      0.9987272542361487    
  0.6220000000000001      0.9987292776294242    
  0.6224500000000001      0.9987313014820534    
  0.6229000000000001      0.9987333257919876    
  0.6233500000000001      0.998735350557183    
  0.6238000000000001      0.9987373757755894    
  0.6242500000000001      0.9987394014451568    
  0.6247      0.9987414275638385    
  0.6251500000000001      0.9987434541295818    
  0.6256      0.9987454811403377    
  0.6260500000000001      0.9987475085940511    
  0.6265000000000001      0.9987495364886733    
  0.6269500000000001      0.9987515648221492    
  0.6274000000000001      0.9987535935924253    
  0.6278500000000001      0.9987556227974475    
  0.6283000000000001      0.9987576524351608    
  0.6287500000000001      0.9987596825035081    
  0.6292000000000001      0.998761713000434    
  0.62965      0.9987637439238808    
  0.6301000000000001      0.998765775271791    
  0.63055      0.9987678070421047    
  0.6310000000000001      0.998769839232765    
  0.6314500000000001      0.9987718718417097    
  0.6319000000000001      0.9987739048668799    
  0.6323500000000001      0.9987759383062134    
  0.6328      0.9987779721576477    
  0.6332500000000001      0.9987800064191231    
  0.6337      0.9987820410885719    
  0.6341500000000001      0.9987840761639347    
  0.6346      0.9987861116431441    
  0.6350500000000001      0.998788147524136    
  0.6355000000000001      0.998790183804845    
  0.6359500000000001      0.9987922204832037    
  0.6364000000000001      0.9987942575571465    
  0.6368500000000001      0.9987962950246034    
  0.6373000000000001      0.9987983328835079    
  0.63775      0.9988003711317908    
  0.6382000000000001      0.9988024097673823    
  0.63865      0.9988044487882121    
  0.6391000000000001      0.9988064881922094    
  0.6395500000000001      0.9988085279773024    
  0.6400000000000001      0.9988105681414208    
  0.6404500000000001      0.9988126086824892    
  0.6409      0.9988146495984364    
  0.6413500000000001      0.9988166908871878    
  0.6418      0.9988187325466695    
  0.6422500000000001      0.9988207745748053    
  0.6427      0.9988228169695214    
  0.6431500000000001      0.9988248597287397    
  0.6436000000000001      0.9988269028503844    
  0.6440500000000001      0.9988289463323778    
  0.6445000000000001      0.9988309901726424    
  0.6449500000000001      0.9988330343690978    
  0.6454000000000001      0.9988350789196674    
  0.64585      0.998837123822269    
  0.6463000000000001      0.9988391690748248    
  0.64675      0.9988412146752523    
  0.6472000000000001      0.9988432606214702    
  0.6476500000000001      0.9988453069113971    
  0.6481000000000001      0.9988473535429502    
  0.6485500000000001      0.9988494005140462    
  0.6490000000000001      0.9988514478226005    
  0.6494500000000001      0.9988534954665318    
  0.6499000000000001      0.9988555434437522    
  0.6503500000000001      0.998857591752179    
  0.6508      0.9988596403897236    
  0.6512500000000001      0.9988616893543026    
  0.6517000000000001      0.9988637386438263    
  0.6521500000000001      0.9988657882562085    
  0.6526000000000001      0.9988678381893628    
  0.6530500000000001      0.9988698884411984    
  0.6535000000000001      0.9988719390096268    
  0.65395      0.9988739898925586    
  0.6544000000000001      0.9988760410879043    
  0.65485      0.9988780925935731    
  0.6553000000000001      0.9988801444074739    
  0.65575      0.9988821965275152    
  0.6562000000000001      0.998884248951604    
  0.6566500000000001      0.9988863016776485    
  0.6571000000000001      0.9988883547035555    
  0.6575500000000001      0.9988904080272325    
  0.6580000000000001      0.9988924616465831    
  0.6584500000000001      0.9988945155595151    
  0.6589      0.9988965697639323    
  0.6593500000000001      0.9988986242577393    
  0.6598      0.9989006790388395    
  0.6602500000000001      0.9989027341051382    
  0.6607000000000001      0.9989047894545366    
  0.6611500000000001      0.9989068450849392    
  0.6616000000000001      0.9989089009942449    
  0.66205      0.9989109571803597    
  0.6625000000000001      0.9989130136411807    
  0.66295      0.998915070374612    
  0.6634000000000001      0.9989171273785504    
  0.66385      0.9989191846508985    
  0.6643000000000001      0.9989212421895554    
  0.6647500000000001      0.998923299992421    
  0.6652000000000001      0.9989253580573894    
  0.6656500000000001      0.9989274163823632    
  0.6661000000000001      0.9989294749652391    
  0.6665500000000001      0.9989315338039122    
  0.667      0.998933592896281    
  0.6674500000000001      0.998935652240242    
  0.6679      0.9989377118336914    
  0.6683500000000001      0.9989397716745232    
  0.6688000000000001      0.9989418317606333    
  0.6692500000000001      0.9989438920899161    
  0.6697000000000001      0.9989459526602675    
  0.6701500000000001      0.9989480134695788    
  0.6706000000000001      0.9989500745157455    
  0.6710500000000001      0.9989521357966599    
  0.6715000000000001      0.9989541973102142    
  0.67195      0.9989562590543011    
  0.6724000000000001      0.9989583210268136    
  0.6728500000000001      0.9989603832256405    
  0.6733000000000001      0.9989624456486754    
  0.6737500000000001      0.998964508293809    
  0.6742000000000001      0.9989665711589298    
  0.6746500000000001      0.9989686342419294    
  0.6751      0.9989706975406961    
  0.6755500000000001      0.9989727610531205    
  0.676      0.9989748247770914    
  0.6764500000000001      0.9989768887104968    
  0.6769000000000001      0.9989789528512242    
  0.6773500000000001      0.9989810171971625    
  0.6778000000000001      0.9989830817461992    
  0.6782500000000001      0.9989851464962205    
  0.6787000000000001      0.9989872114451143    
  0.6791500000000001      0.9989892765907662    
  0.6796000000000001      0.9989913419310621    
  0.68005      0.9989934074638889    
  0.6805000000000001      0.9989954731871298    
  0.68095      0.9989975390986736    
  0.6814000000000001      0.9989996051964022    
  0.6818500000000001      0.9990016714782012    
  0.6823000000000001      0.9990037379419534    
  0.6827500000000001      0.9990058045855447    
  0.6832      0.9990078714068578    
  0.6836500000000001      0.999009938403775    
  0.6841      0.9990120055741791    
  0.6845500000000001      0.9990140729159535    
  0.685      0.9990161404269821    
  0.6854500000000001      0.9990182081051437    
  0.6859000000000001      0.9990202759483227    
  0.6863500000000001      0.9990223439543987    
  0.6868000000000001      0.9990244121212535    
  0.6872500000000001      0.9990264804467681    
  0.6877000000000001      0.9990285489288242    
  0.68815      0.9990306175653    
  0.6886000000000001      0.9990326863540767    
  0.68905      0.9990347552930341    
  0.6895000000000001      0.9990368243800509    
  0.6899500000000001      0.9990388936130078    
  0.6904000000000001      0.9990409629897821    
  0.6908500000000001      0.999043032508255    
  0.6913      0.9990451021663013    
  0.6917500000000001      0.9990471719618035    
  0.6922000000000001      0.9990492418926356    
  0.6926500000000001      0.9990513119566793    
  0.6931      0.9990533821518073    
  0.6935500000000001      0.9990554524759023    
  0.6940000000000001      0.9990575229268366    
  0.6944500000000001      0.9990595935024918    
  0.6949000000000001      0.9990616642007397    
  0.6953500000000001      0.9990637350194597    
  0.6958000000000001      0.9990658059565277    
  0.69625      0.9990678770098184    
  0.6967000000000001      0.9990699481772082    
  0.69715      0.9990720194565733    
  0.6976000000000001      0.9990740908457879    
  0.6980500000000001      0.9990761623427281    
  0.6985000000000001      0.9990782339452684    
  0.6989500000000001      0.9990803056512845    
  0.6994      0.999082377458649    
  0.6998500000000001      0.9990844493652363    
  0.7003000000000001      0.9990865213689242    
  0.7007500000000001      0.9990885934675832    
  0.7012      0.9990906656590871    
  0.7016500000000001      0.9990927379413119    
  0.7021000000000001      0.9990948103121293    
  0.7025500000000001      0.9990968827694136    
  0.7030000000000001      0.9990989553110378    
  0.7034500000000001      0.999101027934874    
  0.7039000000000001      0.9991031006387954    
  0.70435      0.9991051734206764    
  0.7048000000000001      0.9991072462783868    
  0.7052500000000002      0.9991093192098018    
  0.7057000000000001      0.9991113922127917    
  0.70615      0.9991134652852287    
  0.7066000000000001      0.9991155384249866    
  0.7070500000000001      0.9991176116299352    
  0.7075000000000001      0.9991196848979473    
  0.7079500000000001      0.9991217582268959    
  0.7084000000000001      0.9991238316146491    
  0.7088500000000001      0.9991259050590809    
  0.7093      0.9991279785580622    
  0.7097500000000001      0.999130052109464    
  0.7102      0.999132125711157    
  0.7106500000000001      0.9991341993610123    
  0.7111000000000001      0.9991362730569002    
  0.7115500000000001      0.9991383467966937    
  0.7120000000000001      0.999140420578261    
  0.71245      0.9991424943994737    
  0.7129000000000001      0.9991445682582031    
  0.7133500000000002      0.9991466421523182    
  0.7138000000000001      0.9991487160796894    
  0.71425      0.9991507900381877    
  0.7147000000000001      0.9991528640256838    
  0.7151500000000001      0.9991549380400474    
  0.7156000000000001      0.9991570120791473    
  0.7160500000000001      0.999159086140855    
  0.7165000000000001      0.9991611602230414    
  0.7169500000000001      0.9991632343235739    
  0.7174      0.9991653084403238    
  0.7178500000000001      0.9991673825711611    
  0.7183      0.9991694567139547    
  0.7187500000000001      0.9991715308665755    
  0.7192000000000001      0.9991736050268916    
  0.7196500000000001      0.9991756791927748    
  0.7201000000000001      0.9991777533620925    
  0.72055      0.9991798275327156    
  0.7210000000000001      0.9991819017025142    
  0.7214500000000001      0.9991839758693556    
  0.7219000000000001      0.9991860500311132    
  0.72235      0.9991881241856531    
  0.7228000000000001      0.9991901983308464    
  0.7232500000000001      0.9991922724645621    
  0.7237000000000001      0.9991943465846711    
  0.7241500000000001      0.9991964206890399    
  0.7246000000000001      0.9991984947755416    
  0.7250500000000001      0.9992005688420443    
  0.7255      0.9992026428864174    
  0.7259500000000001      0.9992047169065301    
  0.7264000000000002      0.9992067909002533    
  0.7268500000000001      0.9992088648654558    
  0.7273000000000001      0.9992109388000071    
  0.7277500000000001      0.999213012701778    
  0.7282000000000001      0.9992150865686371    
  0.7286500000000001      0.9992171603984558    
  0.7291000000000001      0.9992192341891029    
  0.7295500000000001      0.9992213079384479    
  0.7300000000000001      0.9992233816443604    
  0.73045      0.9992254553047124    
  0.7309000000000001      0.9992275289173715    
  0.7313500000000001      0.999229602480211    
  0.7318000000000001      0.9992316759910985    
  0.7322500000000001      0.9992337494479047    
  0.7327000000000001      0.9992358228485003    
  0.7331500000000001      0.9992378961907564    
  0.7336      0.9992399694725425    
  0.7340500000000001      0.9992420426917294    
  0.7345000000000002      0.9992441158461884    
  0.7349500000000001      0.9992461889337904    
  0.7354      0.9992482619524046    
  0.7358500000000001      0.9992503348999037    
  0.7363000000000001      0.999252407774158    
  0.7367500000000001      0.9992544805730396    
  0.7372000000000001      0.9992565532944188    
  0.7376500000000001      0.9992586259361665    
  0.7381000000000001      0.9992606984961557    
  0.73855      0.9992627709722571    
  0.7390000000000001      0.9992648433623439    
  0.73945      0.9992669156642863    
  0.7399000000000001      0.9992689878759562    
  0.7403500000000001      0.9992710599952276    
  0.7408000000000001      0.9992731320199718    
  0.7412500000000001      0.9992752039480606    
  0.7417      0.9992772757773677    
  0.7421500000000001      0.9992793475057649    
  0.7426000000000001      0.9992814191311269    
  0.7430500000000001      0.9992834906513254    
  0.7435      0.9992855620642327    
  0.7439500000000001      0.9992876333677243    
  0.7444000000000001      0.9992897045596718    
  0.7448500000000001      0.9992917756379507    
  0.7453000000000001      0.9992938466004342    
  0.7457500000000001      0.9992959174449964    
  0.7462000000000001      0.9992979881695107    
  0.74665      0.9993000587718545    
  0.7471000000000001      0.9993021292498994    
  0.7475500000000002      0.9993041996015217    
  0.7480000000000001      0.9993062698245965    
  0.7484500000000001      0.9993083399169976    
  0.7489000000000001      0.9993104098766021    
  0.7493500000000001      0.999312479701286    
  0.7498000000000001      0.9993145493889238    
  0.7502500000000001      0.999316618937393    
  0.7507000000000001      0.9993186883445686    
  0.7511500000000001      0.9993207576083278    
  0.7516      0.9993228267265483    
  0.7520500000000001      0.9993248956971061    
  0.7525000000000001      0.9993269645178785    
  0.7529500000000001      0.9993290331867436    
  0.7534000000000001      0.9993311017015784    
  0.7538500000000001      0.9993331700602628    
  0.7543000000000001      0.9993352382606724    
  0.75475      0.9993373063006876    
  0.7552000000000001      0.9993393741781861    
  0.7556500000000002      0.9993414418910485    
  0.7561000000000001      0.9993435094371524    
  0.7565500000000001      0.9993455768143782    
  0.7570000000000001      0.9993476440206058    
  0.7574500000000001      0.999349711053715    
  0.7579000000000001      0.9993517779115879    
  0.7583500000000001      0.9993538445921029    
  0.7588000000000001      0.9993559110931417    
  0.7592500000000001      0.9993579774125866    
  0.7597      0.9993600435483189    
  0.7601500000000001      0.9993621094982192    
  0.7606      0.9993641752601709    
  0.7610500000000001      0.9993662408320572    
  0.7615000000000001      0.9993683062117589    
  0.7619500000000001      0.9993703713971598    
  0.7624000000000001      0.9993724363861453    
  0.76285      0.9993745011765974    
  0.7633000000000001      0.999376565766401    
  0.7637500000000002      0.99937863015344    
  0.7642000000000001      0.9993806943355996    
  0.76465      0.9993827583107647    
  0.7651000000000001      0.9993848220768208    
  0.7655500000000001      0.9993868856316537    
  0.7660000000000001      0.9993889489731504    
  0.7664500000000001      0.9993910120991945    
  0.7669000000000001      0.9993930750076776    
  0.7673500000000001      0.9993951376964838    
  0.7678      0.9993972001635013    
  0.7682500000000001      0.999399262406619    
  0.7687000000000002      0.9994013244237244    
  0.7691500000000001      0.9994033862127064    
  0.7696000000000001      0.9994054477714541    
  0.7700500000000001      0.9994075090978567    
  0.7705000000000001      0.9994095701898048    
  0.7709500000000001      0.9994116310451889    
  0.7714000000000001      0.9994136916618988    
  0.7718500000000001      0.9994157520378263    
  0.7723000000000001      0.9994178121708633    
  0.77275      0.9994198720589004    
  0.7732000000000001      0.999421931699831    
  0.7736500000000001      0.9994239910915468    
  0.7741000000000001      0.9994260502319429    
  0.7745500000000001      0.9994281091189112    
  0.7750000000000001      0.9994301677503462    
  0.7754500000000001      0.9994322261241431    
  0.7759      0.999434284238195    
  0.7763500000000001      0.9994363420903992    
  0.7768000000000002      0.9994383996786507    
  0.7772500000000001      0.9994404570008452    
  0.7777000000000001      0.9994425140548808    
  0.7781500000000001      0.9994445708386532    
  0.7786000000000001      0.9994466273500608    
  0.7790500000000001      0.9994486835870011    
  0.7795000000000001      0.9994507395473738    
  0.7799500000000001      0.9994527952290755    
  0.7804000000000001      0.9994548506300079    
  0.78085      0.9994569057480704    
  0.7813000000000001      0.9994589605811638    
  0.7817500000000001      0.9994610151271881    
  0.7822000000000001      0.9994630693840455    
  0.7826500000000001      0.9994651233496369    
  0.7831000000000001      0.999467177021866    
  0.7835500000000001      0.9994692303986354    
  0.784      0.999471283477847    
  0.7844500000000001      0.9994733362574068    
  0.7849000000000002      0.9994753887352186    
  0.7853500000000001      0.9994774409091873    
  0.7858      0.9994794927772167    
  0.7862500000000001      0.999481544337216    
  0.7867000000000001      0.9994835955870897    
  0.7871500000000001      0.9994856465247445    
  0.7876000000000001      0.9994876971480895    
  0.7880500000000001      0.9994897474550317    
  0.7885000000000001      0.9994917974434807    
  0.78895      0.9994938471113444    
  0.7894000000000001      0.9994958964565344    
  0.7898500000000002      0.9994979454769595    
  0.7903000000000001      0.9994999941705307    
  0.7907500000000001      0.9995020425351603    
  0.7912      0.9995040905687606    
  0.79165      0.9995061382692431    
  0.7921      0.9995081856345215    
  0.79255      0.9995102326625095    
  0.793      0.9995122793511215    
  0.79345      0.9995143256982715    
  0.7939      0.9995163717018763    
  0.79435      0.9995184173598528    
  0.7948000000000001      0.9995204626701164    
  0.79525      0.9995225076305845    
  0.7957      0.9995245522391751    
  0.79615      0.999526596493806    
  0.7966      0.9995286403923979    
  0.79705      0.9995306839328698    
  0.7975      0.9995327271131428    
  0.79795      0.9995347699311355    
  0.7984      0.9995368123847723    
  0.7988500000000001      0.999538854471975    
  0.7993      0.9995408961906651    
  0.79975      0.9995429375387681    
  0.8002      0.9995449785142071    
  0.80065      0.9995470191149072    
  0.8011      0.9995490593387931    
  0.80155      0.9995510991837931    
  0.802      0.9995531386478311    
  0.80245      0.9995551777288371    
  0.8029000000000001      0.9995572164247385    
  0.80335      0.9995592547334633    
  0.8038000000000001      0.9995612926529424    
  0.80425      0.9995633301811043    
  0.8047      0.9995653673158821    
  0.80515      0.9995674040552058    
  0.8056      0.9995694403970081    
  0.80605      0.9995714763392225    
  0.8065      0.9995735118797819    
  0.8069500000000001      0.9995755470166199    
  0.8074      0.9995775817476744    
  0.8078500000000001      0.9995796160708783    
  0.8083      0.99958164998417    
  0.80875      0.9995836834854854    
  0.8092      0.9995857165727629    
  0.80965      0.9995877492439421    
  0.8101      0.9995897814969605    
  0.81055      0.9995918133297603    
  0.811      0.9995938447402813    
  0.81145      0.9995958757264659    
  0.8119000000000001      0.9995979062862554    
  0.81235      0.9995999364175941    
  0.8128      0.999601966118425    
  0.81325      0.9996039953866926    
  0.8137      0.9996060242203437    
  0.81415      0.9996080526173227    
  0.8146      0.9996100805755784    
  0.81505      0.9996121080930568    
  0.8155      0.9996141351677079    
  0.8159500000000001      0.999616161797479    
  0.8164      0.999618187980323    
  0.81685      0.9996202137141894    
  0.8173      0.9996222389970293    
  0.81775      0.9996242638267943    
  0.8182      0.9996262882014401    
  0.81865      0.9996283121189201    
  0.8191      0.9996303355771877    
  0.81955      0.999632358574201    
  0.8200000000000001      0.9996343811079137    
  0.82045      0.9996364031762868    
  0.8209      0.9996384247772738    
  0.82135      0.9996404459088375    
  0.8218      0.9996424665689367    
  0.82225      0.9996444867555316    
  0.8227      0.9996465064665842    
  0.82315      0.9996485257000558    
  0.8236      0.9996505444539107    
  0.8240500000000001      0.999652562726113    
  0.8245      0.9996545805146279    
  0.8249500000000001      0.9996565978174197    
  0.8254      0.9996586146324568    
  0.82585      0.9996606309577056    
  0.8263      0.9996626467911338    
  0.82675      0.9996646621307126    
  0.8272      0.9996666769744118    
  0.82765      0.9996686913202009    
  0.8281000000000001      0.9996707051660523    
  0.82855      0.9996727185099399    
  0.829      0.9996747313498369    
  0.82945      0.9996767436837184    
  0.8299      0.9996787555095583    
  0.83035      0.9996807668253359    
  0.8308      0.999682777629025    
  0.83125      0.9996847879186064    
  0.8317      0.9996867976920581    
  0.8321500000000001      0.9996888069473608    
  0.8326      0.9996908156824953    
  0.8330500000000001      0.9996928238954436    
  0.8335      0.9996948315841895    
  0.83395      0.9996968387467138    
  0.8344      0.9996988453810055    
  0.83485      0.9997008514850471    
  0.8353      0.9997028570568272    
  0.83575      0.9997048620943321    
  0.8362      0.9997068665955511    
  0.83665      0.9997088705584737    
  0.8371000000000001      0.9997108739810912    
  0.83755      0.999712876861392    
  0.838      0.9997148791973729    
  0.83845      0.9997168809870255    
  0.8389      0.9997188822283427    
  0.83935      0.9997208829193222    
  0.8398      0.9997228830579588    
  0.84025      0.9997248826422509    
  0.8407      0.9997268816701973    
  0.8411500000000001      0.9997288801397965    
  0.8416      0.9997308780490483    
  0.84205      0.9997328753959552    
  0.8425      0.9997348721785203    
  0.84295      0.9997368683947457    
  0.8434      0.9997388640426365    
  0.84385      0.9997408591201974    
  0.8443      0.9997428536254361    
  0.84475      0.9997448475563594    
  0.8452000000000001      0.9997468409109768    
  0.84565      0.9997488336872977    
  0.8461000000000001      0.9997508258833311    
  0.84655      0.9997528174970914    
  0.847      0.9997548085265893    
  0.84745      0.9997567989698404    
  0.8479      0.9997587888248571    
  0.84835      0.999760778089657    
  0.8488      0.9997627667622581    
  0.8492500000000001      0.9997647548406776    
  0.8497      0.9997667423229344    
  0.85015      0.9997687292070487    
  0.8506      0.9997707154910418    
  0.85105      0.9997727011729373    
  0.8515      0.9997746862507582    
  0.85195      0.9997766707225274    
  0.8524      0.9997786545862728    
  0.85285      0.9997806378400209    
  0.8533000000000001      0.9997826204817994    
  0.85375      0.9997846025096375    
  0.8542000000000001      0.9997865839215646    
  0.85465      0.9997885647156128    
  0.8551      0.999790544889814    
  0.85555      0.9997925244422016    
  0.856      0.9997945033708117    
  0.85645      0.9997964816736785    
  0.8569      0.9997984593488399    
  0.8573500000000001      0.9998004363943336    
  0.8578      0.9998024128081988    
  0.8582500000000001      0.9998043885884752    
  0.8587      0.9998063637332055    
  0.8591500000000001      0.9998083382404319    
  0.8596      0.999810312108199    
  0.86005      0.999812285334551    
  0.8605      0.9998142579175333    
  0.86095      0.9998162298551958    
  0.8614      0.9998182011455848    
  0.86185      0.9998201717867499    
  0.8623000000000001      0.9998221417767438    
  0.86275      0.9998241111136169    
  0.8632      0.9998260797954237    
  0.86365      0.9998280478202171    
  0.8641      0.999830015186055    
  0.86455      0.9998319818909933    
  0.865      0.9998339479330897    
  0.86545      0.9998359133104032    
  0.8659      0.9998378780209954    
  0.8663500000000001      0.9998398420629266    
  0.8668      0.9998418054342618    
  0.8672500000000001      0.9998437681330631    
  0.8677      0.9998457301573976    
  0.86815      0.9998476915053305    
  0.8686      0.9998496521749315    
  0.86905      0.9998516121642681    
  0.8695      0.999853571471411    
  0.86995      0.9998555300944328    
  0.8704000000000001      0.9998574880314055    
  0.87085      0.9998594452804033    
  0.8713      0.9998614018395018    
  0.87175      0.9998633577067766    
  0.8722      0.9998653128803076    
  0.87265      0.9998672673581724    
  0.8731      0.9998692211384529    
  0.87355      0.9998711742192298    
  0.874      0.9998731265985855    
  0.8744500000000001      0.9998750782746078    
  0.8749      0.9998770292453777    
  0.8753500000000001      0.9998789795089842    
  0.8758      0.9998809290635168    
  0.87625      0.9998828779070619    
  0.8767      0.9998848260377136    
  0.87715      0.9998867734535625    
  0.8776      0.9998887201527025    
  0.87805      0.9998906661332276    
  0.8785000000000001      0.9998926113932342    
  0.87895      0.9998945559308202    
  0.8794000000000001      0.9998964997440847    
  0.87985      0.9998984428311264    
  0.8803000000000001      0.9999003851900479    
  0.88075      0.9999023268189514    
  0.8812      0.9999042677159401    
  0.88165      0.9999062078791219    
  0.8821      0.9999081473066018    
  0.8825500000000001      0.9999100859964886    
  0.883      0.9999120239468908    
  0.8834500000000001      0.9999139611559207    
  0.8839      0.9999158976216898    
  0.88435      0.9999178333423131    
  0.8848      0.9999197683159025    
  0.88525      0.9999217025405762    
  0.8857      0.9999236360144526    
  0.88615      0.9999255687356512    
  0.8866      0.9999275007022901    
  0.88705      0.9999294319124942    
  0.8875000000000001      0.9999313623643843    
  0.88795      0.9999332920560857    
  0.8884000000000001      0.9999352209857258    
  0.88885      0.999937149151432    
  0.8893      0.9999390765513316    
  0.88975      0.9999410031835558    
  0.8902      0.9999429290462373    
  0.89065      0.9999448541375078    
  0.8911      0.9999467784555031    
  0.8915500000000001      0.9999487019983588    
  0.892      0.9999506247642113    
  0.89245      0.9999525467512028    
  0.8929      0.9999544679574689    
  0.89335      0.9999563883811566    
  0.8938      0.9999583080204053    
  0.89425      0.999960226873361    
  0.8947      0.9999621449381709    
  0.89515      0.9999640622129802    
  0.8956000000000001      0.9999659786959401    
  0.89605      0.9999678943852004    
  0.8965000000000001      0.9999698092789137    
  0.89695      0.9999717233752332    
  0.8974      0.9999736366723134    
  0.89785      0.9999755491683112    
  0.8983      0.9999774608613845    
  0.89875      0.9999793717496925    
  0.8992      0.9999812818313975    
  0.8996500000000001      0.9999831911046595    
  0.9001      0.9999850995676449    
  0.9005500000000001      0.9999870072185169    
  0.901      0.9999889140554439    
  0.9014500000000001      0.9999908200765949    
  0.9019      0.9999927252801388    
  0.90235      0.9999946296642473    
  0.9028      0.9999965332270921    
  0.90325      0.999998435966851    
  0.9037000000000001      1.0000003378816973    
  0.90415      1.0000022389698093    
  0.9046000000000001      1.0000041392293664    
  0.90505      1.0000060386585494    
  0.9055      1.0000079372555404    
  0.90595      1.000009835018522    
  0.9064      1.0000117319456816    
  0.90685      1.0000136280352059    
  0.9073      1.000015523285282    
  0.9077500000000001      1.0000174176940995    
  0.9082      1.0000193112598514    
  0.9086500000000001      1.0000212039807312    
  0.9091      1.0000230958549319    
  0.9095500000000001      1.00002498688065    
  0.91      1.0000268770560845    
  0.91045      1.0000287663794356    
  0.9109      1.0000306548489013    
  0.91135      1.000032542462687    
  0.9118      1.000034429218996    
  0.91225      1.000036315116034    
  0.9127000000000001      1.0000382001520083    
  0.91315      1.0000400843251278    
  0.9136      1.0000419676336034    
  0.91405      1.0000438500756474    
  0.9145      1.0000457316494746    
  0.91495      1.0000476123532984    
  0.9154      1.0000494921853371    
  0.91585      1.00005137114381    
  0.9163      1.0000532492269365    
  0.9167500000000001      1.0000551264329385    
  0.9172      1.0000570027600402    
  0.9176500000000001      1.0000588782064672    
  0.9181      1.0000607527704444    
  0.91855      1.0000626264502035    
  0.919      1.0000644992439727    
  0.91945      1.0000663711499838    
  0.9199      1.00006824216647    
  0.92035      1.000070112291669    
  0.9208000000000001      1.0000719815238142    
  0.92125      1.0000738498611463    
  0.9217      1.0000757173019048    
  0.92215      1.000077583844332    
  0.9226000000000001      1.0000794494866716    
  0.92305      1.000081314227168    
  0.9235      1.0000831780640678    
  0.92395      1.000085040995622    
  0.9244      1.0000869030200785    
  0.9248500000000001      1.000088764135689    
  0.9253      1.0000906243407084    
  0.9257500000000001      1.0000924836333926    
  0.9262      1.0000943420119979    
  0.92665      1.0000961994747835    
  0.9271      1.0000980560200086    
  0.92755      1.0000999116459366    
  0.928      1.0001017663508307    
  0.92845      1.000103620132958    
  0.9289000000000001      1.0001054729905854    
  0.92935      1.000107324921982    
  0.9298      1.000109175925417    
  0.93025      1.0001110259991657    
  0.9307000000000001      1.000112875141501    
  0.93115      1.0001147233506982    
  0.9316      1.0001165706250374    
  0.93205      1.000118416962796    
  0.9325      1.0001202623622558    
  0.9329500000000001      1.0001221068217014    
  0.9334      1.000123950339416    
  0.9338500000000001      1.0001257929136878    
  0.9343      1.0001276345428036    
  0.93475      1.0001294752250527    
  0.9352      1.0001313149587312    
  0.9356500000000001      1.0001331537421285    
  0.9361      1.000134991573542    
  0.93655      1.0001368284512695    
  0.937      1.0001386643736099    
  0.93745      1.0001404993388625    
  0.9379000000000001      1.0001423333453305    
  0.93835      1.0001441663913202    
  0.9388000000000001      1.0001459984751364    
  0.93925      1.000147829595087    
  0.9397      1.0001496597494821    
  0.94015      1.0001514889366336    
  0.9406      1.0001533171548544    
  0.94105      1.0001551444024614    
  0.9415      1.0001569706777702    
  0.9419500000000001      1.0001587959790998    
  0.9424      1.000160620304772    
  0.94285      1.0001624436531096    
  0.9433      1.0001642660224357    
  0.9437500000000001      1.000166087411077    
  0.9442      1.0001679078173624    
  0.94465      1.0001697272396215    
  0.9451      1.000171545676186    
  0.94555      1.0001733631253888    
  0.9460000000000001      1.0001751795855676    
  0.94645      1.0001769950550579    
  0.9469000000000001      1.000178809532199    
  0.94735      1.0001806230153334    
  0.9478      1.0001824355028033    
  0.94825      1.0001842469929534    
  0.9487      1.0001860574841308    
  0.94915      1.0001878669746838    
  0.9496      1.000189675462963    
  0.9500500000000001      1.0001914829473204    
  0.9505      1.0001932894261123    
  0.95095      1.000195094897691    
  0.9514      1.0001968993604173    
  0.9518500000000001      1.0001987028126513    
  0.9523      1.0002005052527538    
  0.95275      1.0002023066790893    
  0.9532      1.0002041070900236    
  0.95365      1.000205906483923    
  0.9541000000000001      1.000207704859158    
  0.95455      1.0002095022140995    
  0.9550000000000001      1.0002112985471219    
  0.95545      1.000213093856598    
  0.9559      1.0002148881409079    
  0.95635      1.000216681398429    
  0.9568000000000001      1.000218473627543    
  0.95725      1.0002202648266332    
  0.9577      1.000222054994082    
  0.9581500000000001      1.0002238441282787    
  0.9586      1.000225632227612    
  0.9590500000000001      1.0002274192904723    
  0.9595      1.000229205315252    
  0.9599500000000001      1.0002309903003452    
  0.9604      1.0002327742441488    
  0.96085      1.0002345571450626    
  0.9613      1.0002363390014857    
  0.96175      1.0002381198118213    
  0.9622      1.0002398995744732    
  0.96265      1.0002416782878478    
  0.9631000000000001      1.000243455950355    
  0.96355      1.0002452325604034    
  0.964      1.0002470081164063    
  0.96445      1.0002487826167772    
  0.9649000000000001      1.000250556059933    
  0.96535      1.0002523284442923    
  0.9658      1.000254099768275    
  0.96625      1.0002558700303035    
  0.9667      1.000257639228802    
  0.9671500000000001      1.0002594073621967    
  0.9676      1.0002611744289174    
  0.9680500000000001      1.0002629404273917    
  0.9685      1.0002647053560543    
  0.96895      1.0002664692133376    
  0.9694      1.0002682319976801    
  0.96985      1.0002699937075181    
  0.9703      1.0002717543412938    
  0.97075      1.0002735138974481    
  0.9712000000000001      1.0002752723744273    
  0.97165      1.000277029770676    
  0.9721      1.0002787860846434    
  0.97255      1.0002805413147804    
  0.9730000000000001      1.0002822954595394    
  0.97345      1.0002840485173758    
  0.9739      1.0002858004867439    
  0.97435      1.0002875513661056    
  0.9748      1.0002893011539191    
  0.9752500000000001      1.00029104984865    
  0.9757      1.000292797448761    
  0.9761500000000001      1.0002945439527198    
  0.9766      1.000296289358995    
  0.97705      1.0002980336660574    
  0.9775      1.0002997768723823    
  0.9779500000000001      1.0003015189764433    
  0.9784      1.0003032599767177    
  0.97885      1.0003049998716855    
  0.9793000000000001      1.000306738659829    
  0.97975      1.000308476339629    
  0.9802000000000001      1.0003102129095738    
  0.98065      1.0003119483681493    
  0.9811000000000001      1.0003136827138475    
  0.98155      1.0003154159451593    
  0.982      1.000317148060578    
  0.98245      1.0003188790586008    
  0.9829      1.0003206089377263    
  0.9833500000000001      1.0003223376964532    
  0.9838      1.0003240653332854    
  0.9842500000000001      1.0003257918467279    
  0.9847      1.0003275172352861    
  0.98515      1.0003292414974692    
  0.9856      1.000330964631788    
  0.9860500000000001      1.0003326866367566    
  0.9865      1.0003344075108902    
  0.98695      1.0003361272527043    
  0.9874      1.0003378458607197    
  0.98785      1.000339563333458    
  0.9883000000000001      1.0003412796694438    
  0.98875      1.0003429948672016    
  0.9892000000000001      1.000344708925259    
  0.98965      1.0003464218421483    
  0.9901      1.0003481336164    
  0.99055      1.00034984424655    
  0.991      1.0003515537311338    
  0.99145      1.0003532620686906    
  0.9919      1.0003549692577618    
  0.9923500000000001      1.0003566752968895    
  0.9928      1.0003583801846196    
  0.99325      1.0003600839195    
  0.9937      1.0003617865000798    
  0.9941500000000001      1.0003634879249108    
  0.9946      1.000365188192547    
  0.99505      1.000366887301546    
  0.9955      1.0003685852504636    
  0.99595      1.0003702820378617    
  0.9964000000000001      1.0003719776623032    
  0.99685      1.0003736721223528    
  0.9973000000000001      1.0003753654165775    
  0.99775      1.0003770575435467    
  0.9982      1.0003787485018323    
  0.99865      1.0003804382900072    
  0.9991000000000001      1.0003821269066477    
  0.99955      1.0003838143503323    
  1.      1.0003855006196414   
