 0.10045000000000001      0.00019348423191394362    
  0.1009      0.00019438149657136257    
  0.10135000000000001      0.00019527916927233012    
  0.1018      0.0001961772518196776    
  0.10225000000000001      0.00019707574601573671    
  0.1027      0.0001979746536630569    
  0.10315      0.0001988739765636056    
  0.10360000000000001      0.0001997737165191863    
  0.10405      0.000200673875331475    
  0.10450000000000001      0.00020157445480182244    
  0.10495      0.00020247545673130786    
  0.10540000000000001      0.0002033768829208995    
  0.10585      0.00020427873517125678    
  0.1063      0.00020518101528267663    
  0.10675000000000001      0.00020608372505541601    
  0.1072      0.0002069868662894197    
  0.10765000000000001      0.00020789044078435136    
  0.1081      0.00020879445033961021    
  0.10855000000000001      0.00020969889675442107    
  0.10900000000000001      0.00021060378182772167    
  0.10945      0.00021150910735825545    
  0.10990000000000001      0.00021241487514440244    
  0.11035      0.00021332108698438653    
  0.11080000000000001      0.00021422774467611243    
  0.11125      0.0002151348500172472    
  0.11170000000000001      0.00021604240480538849    
  0.11215      0.00021695041083752333    
  0.1126      0.00021785886991073072    
  0.11305000000000001      0.00021876778382154058    
  0.1135      0.00021967715436645597    
  0.11395000000000001      0.00022058698334152457    
  0.1144      0.0002214972725427698    
  0.11485000000000001      0.00022240802376572496    
  0.11530000000000001      0.00022331923880575862    
  0.11575      0.000224230919458006    
  0.11620000000000001      0.0002251430675172597    
  0.11665      0.00022605568477814322    
  0.11710000000000001      0.00022696877303483506    
  0.11755000000000002      0.00022788233408148166    
  0.11800000000000001      0.00022879636971183913    
  0.11845      0.00022971088171927674    
  0.1189      0.0002306258718971048    
  0.11935000000000001      0.00023154134203828836    
  0.1198      0.00023245729393538746    
  0.12025000000000001      0.00023337372938093352    
  0.1207      0.0002342906501669609    
  0.12115000000000001      0.0002352080580852933    
  0.12160000000000001      0.00023612595492750015    
  0.12205      0.00023704434248488556    
  0.12250000000000001      0.0002379632225484457    
  0.12295      0.0002388825969088489    
  0.12340000000000001      0.00023980246735657088    
  0.12385000000000002      0.00024072283568173872    
  0.12430000000000001      0.000241643703674182    
  0.12475      0.00024256507312356637    
  0.1252      0.0002434869458190804    
  0.12565      0.0002444093235497557    
  0.12610000000000002      0.00024533220810429336    
  0.12655      0.0002462556012710771    
  0.127      0.0002471795048382937    
  0.12745      0.00024810392059372837    
  0.1279      0.00024902885032485056    
  0.12835000000000002      0.0002499542958190682    
  0.1288      0.0002508802588631169    
  0.12925      0.0002518067412437394    
  0.1297      0.0002527337447472697    
  0.13015000000000002      0.0002536612711597124    
  0.1306      0.00025458932226684813    
  0.13105      0.00025551789985408125    
  0.1315      0.0002564470057065506    
  0.13195      0.0002573766416090169    
  0.13240000000000002      0.0002583068093460726    
  0.13285000000000002      0.0002592375107019311    
  0.1333      0.00026016874746039986    
  0.13375      0.00026110052140512936    
  0.1342      0.00026203283431943183    
  0.13465      0.000262965687986165    
  0.1351      0.0002638990841880807    
  0.13555      0.00026483302470743045    
  0.136      0.00026576751132630777    
  0.13645000000000002      0.00026670254582634306    
  0.13690000000000002      0.0002676381299889117    
  0.13735      0.0002685742655951654    
  0.1378      0.00026951095442575776    
  0.13825      0.00027044819826114487    
  0.13870000000000002      0.0002713859988814774    
  0.13915      0.00027232435806639685    
  0.1396      0.00027326327759546673    
  0.14005      0.0002742027592477214    
  0.1405      0.0002751428048020149    
  0.14095000000000002      0.00027608341603677176    
  0.14140000000000003      0.00027702459473012177    
  0.14185      0.0002779663426598312    
  0.1423      0.0002789086616034279    
  0.14275000000000002      0.00027985155333802667    
  0.1432      0.0002807950196404346    
  0.14365      0.0002817390622870432    
  0.1441      0.00028268368305409564    
  0.14455      0.0002836288837172211    
  0.14500000000000002      0.0002845746660520027    
  0.14545000000000002      0.00028552103183342777    
  0.1459      0.0002864679828363838    
  0.14635      0.0002874155208351988    
  0.1468      0.0002883636476039616    
  0.14725000000000002      0.00028931236491630714    
  0.1477      0.00029026167454576906    
  0.14815      0.00029121157826532233    
  0.1486      0.0002921620778475126    
  0.14905000000000002      0.00029311317506494454    
  0.14950000000000002      0.00029406487168929553    
  0.14995      0.00029501716949239913    
  0.1504      0.0002959700702454592    
  0.15085      0.00029692357571933    
  0.15130000000000002      0.0002978776876845987    
  0.15175      0.00029883240791151074    
  0.1522      0.0002997877381698509    
  0.15265      0.0003007436802290814    
  0.1531      0.0003017002358583435    
  0.15355000000000002      0.0003026574068264367    
  0.15400000000000003      0.0003036151949016904    
  0.15445      0.00030457360185207755    
  0.1549      0.00030553262944535767    
  0.15535000000000002      0.00030649227944873    
  0.1558      0.0003074525536291006    
  0.15625      0.00030841345375313967    
  0.1567      0.00030937498158686155    
  0.15715      0.00031033713889615927    
  0.15760000000000002      0.0003112999274464765    
  0.15805000000000002      0.0003122633490027487    
  0.1585      0.00031322740532979676    
  0.15895      0.0003141920981918553    
  0.15940000000000001      0.00031515742935282406    
  0.15985000000000002      0.000316123400576249    
  0.1603      0.0003170900136251955    
  0.16075      0.00031805727026256933    
  0.1612      0.0003190251722507368    
  0.16165000000000002      0.00031999372135159757    
  0.16210000000000002      0.0003209629193268136    
  0.16255000000000003      0.00032193276793770695    
  0.163      0.00032290326894500107    
  0.16345      0.00032387442410916276    
  0.16390000000000002      0.00032484623519027714    
  0.16435      0.00032581870394792455    
  0.1648      0.0003267918321414806    
  0.16525      0.00032776562152975544    
  0.16570000000000001      0.000328740073871181    
  0.16615000000000002      0.00032971519092388386    
  0.16660000000000003      0.0003306909744456247    
  0.16705000000000003      0.00033166742619351354    
  0.1675      0.00033264454792449744    
  0.16795000000000002      0.0003336223413950134    
  0.1684      0.0003346008083611827    
  0.16885      0.0003355799505786166    
  0.1693      0.0003365597698026402    
  0.16975      0.00033754026778798525    
  0.17020000000000002      0.0003385214462891563    
  0.17065000000000002      0.0003395033070601131    
  0.17110000000000003      0.00034048585185461264    
  0.17155      0.0003414690824256623    
  0.17200000000000001      0.00034245300052612206    
  0.17245      0.0003434376079083888    
  0.1729      0.0003444229063244101    
  0.17335      0.0003454088975256807    
  0.1738      0.0003463955832632513    
  0.17425000000000002      0.0003473829652879037    
  0.17470000000000002      0.0003483710453498854    
  0.17515000000000003      0.00034935982519905713    
  0.1756      0.00035034930658469493    
  0.17605      0.00035133949125595344    
  0.17650000000000002      0.0003523303809614114    
  0.17695      0.0003533219774490542    
  0.1774      0.00035431428246657584    
  0.17785      0.00035530729776143445    
  0.17830000000000001      0.0003563010250803543    
  0.17875000000000002      0.00035729546616966763    
  0.17920000000000003      0.0003582906227754465    
  0.17965000000000003      0.0003592864966432095    
  0.1801      0.00036028308951799835    
  0.18055000000000002      0.0003612804031444816    
  0.181      0.0003622784392668457    
  0.18145      0.00036327719962897    
  0.1819      0.00036427668597405205    
  0.18235      0.0003652769000450206    
  0.18280000000000002      0.00036627784358433425    
  0.18325000000000002      0.0003672795183339451    
  0.18370000000000003      0.00036828192603533157    
  0.18415      0.00036928506842971894    
  0.18460000000000001      0.00037028894725762464    
  0.18505000000000002      0.0003712935642593545    
  0.1855      0.0003722989211744389    
  0.18595      0.00037330501974232495    
  0.1864      0.00037431186170179195    
  0.18685000000000002      0.0003753194487911768    
  0.18730000000000002      0.0003763277827484174    
  0.18775000000000003      0.00037733686531080113    
  0.18820000000000003      0.0003783466982155651    
  0.18865      0.0003793572831989264    
  0.18910000000000002      0.0003803686219971455    
  0.18955      0.0003813807163457958    
  0.19      0.00038239356797977776    
  0.19045      0.0003834071786339415    
  0.19090000000000001      0.0003844215500424502    
  0.19135000000000002      0.000385436683938839    
  0.19180000000000003      0.0003864525820565651    
  0.19225000000000003      0.00038746924612829275    
  0.1927      0.0003884866778862354    
  0.19315000000000002      0.00038950487906226107    
  0.1936      0.0003905238513875562    
  0.19405      0.0003915435965931337    
  0.1945      0.0003925641164093732    
  0.19495      0.0003935854125660665    
  0.19540000000000002      0.0003946074867925576    
  0.19585000000000002      0.0003956303408177847    
  0.19630000000000003      0.00039665397637026444    
  0.19675      0.0003976783951778855    
  0.19720000000000001      0.0003987035989680091    
  0.19765000000000002      0.0003997295894677278    
  0.1981      0.00040075636840344875    
  0.19855      0.00040178393750110036    
  0.199      0.00040281229848612016    
  0.19945000000000002      0.00040384145308361603    
  0.19990000000000002      0.00040487140301804017    
  0.20035000000000003      0.0004059021500133018    
  0.20080000000000003      0.0004069336957928781    
  0.20125      0.00040796604207987176    
  0.20170000000000002      0.00040899919059655954    
  0.20215      0.00041003314306499103    
  0.2026      0.00041106790120679776    
  0.20305      0.00041210346674278725    
  0.20350000000000001      0.0004131398413933455    
  0.20395000000000002      0.0004141770268785063    
  0.20440000000000003      0.00041521502491768773    
  0.20485000000000003      0.00041625383722977173    
  0.2053      0.00041729346553320314    
  0.20575000000000002      0.00041833391154586994    
  0.20620000000000002      0.000419375176985131    
  0.20665      0.0004204172635677711    
  0.2071      0.00042146017301017066    
  0.20755      0.00042250390702807013    
  0.20800000000000002      0.0004235484673368074    
  0.20845000000000002      0.0004245938556511446    
  0.20890000000000003      0.0004256400736853197    
  0.20935000000000004      0.00042668712315308    
  0.20980000000000001      0.0004277350057674562    
  0.21025000000000002      0.00042878372324126057    
  0.2107      0.0004298332772864691    
  0.21115      0.0004308836696147837    
  0.2116      0.0004319349019371449    
  0.21205000000000002      0.0004329869759641756    
  0.21250000000000002      0.00043403989340579097    
  0.21295000000000003      0.0004350936559714691    
  0.21340000000000003      0.00043614826536995423    
  0.21385      0.000437203723309746    
  0.21430000000000002      0.0004382600314986763    
  0.21475      0.00043931719164398697    
  0.2152      0.00044037520545229733    
  0.21565      0.0004414340746299143    
  0.21610000000000001      0.0004424938008824736    
  0.21655000000000002      0.00044355438591490125    
  0.21700000000000003      0.00044461583143188925    
  0.21745000000000003      0.0004456781391372934    
  0.2179      0.00044674131073460695    
  0.21835000000000002      0.0004478053479266327    
  0.21880000000000002      0.0004488702524157555    
  0.21925      0.0004499360259035967    
  0.2197      0.000451002670091398    
  0.22015      0.00045207018667986314    
  0.22060000000000002      0.0004531385773689691    
  0.22105000000000002      0.00045420784385827133    
  0.22150000000000003      0.0004552779878466192    
  0.22195000000000004      0.00045634901103238854    
  0.22240000000000001      0.00045742091511352147    
  0.22285000000000002      0.00045849370178697134    
  0.2233      0.00045956737274966374    
  0.22375      0.0004606419296974626    
  0.2242      0.0004617173743260046    
  0.22465000000000002      0.0004627937083301545    
  0.22510000000000002      0.0004638709334043641    
  0.22555000000000003      0.0004649490512422475    
  0.226      0.00046602806353709426    
  0.22645      0.0004671079719814116    
  0.22690000000000002      0.00046818877826739977    
  0.22735000000000002      0.00046927048408628574    
  0.22780000000000003      0.0004703530911290242    
  0.22825      0.0004714366010859731    
  0.22870000000000001      0.0004725210156465865    
  0.22915000000000002      0.00047360633650016075    
  0.22960000000000003      0.00047469256533510563    
  0.23005      0.0004757797038392516    
  0.2305      0.00047686775369992773    
  0.23095000000000002      0.0004779567166038577    
  0.23140000000000002      0.0004790465942372049    
  0.23185000000000003      0.0004801373882853243    
  0.2323      0.0004812291004332378    
  0.23275      0.00048232173236524394    
  0.23320000000000002      0.00048341528576495603    
  0.23365000000000002      0.0004845097623155624    
  0.23410000000000003      0.00048560516369940826    
  0.23455      0.00048670149159845723    
  0.23500000000000001      0.000487798747693894    
  0.23545000000000002      0.0004888969336665633    
  0.23590000000000003      0.0004899960511961406    
  0.23635      0.0004910961019624661    
  0.2368      0.0004921970876439682    
  0.23725000000000002      0.0004932990099191046    
  0.23770000000000002      0.0004944018704652799    
  0.23815000000000003      0.0004955056709595156    
  0.2386      0.0004966104130780542    
  0.23905      0.0004977160984965638    
  0.23950000000000002      0.0004988227288903607    
  0.23995000000000002      0.0004999303059335918    
  0.24040000000000003      0.000501038831300038    
  0.24085      0.0005021483066632061    
  0.24130000000000001      0.0005032587336954407    
  0.24175000000000002      0.0005043701140686179    
  0.24220000000000003      0.0005054824494540536    
  0.24265000000000003      0.0005065957415224358    
  0.2431      0.0005077099919437635    
  0.24355000000000002      0.0005088252023872798    
  0.24400000000000002      0.0005099413745218544    
  0.24445000000000003      0.0005110585100155506    
  0.2449      0.0005121766105357257    
  0.24535      0.0005132956777491472    
  0.24580000000000002      0.0005144157133221295    
  0.24625000000000002      0.0005155367189199674    
  0.24670000000000003      0.0005166586962076312    
  0.24715      0.0005177816468491196    
  0.24760000000000001      0.0005189055725082804    
  0.24805000000000002      0.0005200304748477248    
  0.24850000000000003      0.0005211563555299423    
  0.24895000000000003      0.0005222832162161805    
  0.2494      0.0005234110585675723    
  0.24985000000000002      0.0005245398842441511    
  0.2503      0.0005256696949057244    
  0.25075000000000003      0.0005268004922110228    
  0.2512      0.0005279322778183812    
  0.25165000000000004      0.0005290650533853036    
  0.2521      0.0005301988205688932    
  0.25255000000000005      0.0005313335810252905    
  0.253      0.0005324693364097809    
  0.25345      0.0005336060883777    
  0.2539      0.0005347438385830908    
  0.25435      0.0005358825886793688    
  0.2548      0.000537022340319486    
  0.25525000000000003      0.0005381630951555826    
  0.25570000000000004      0.000539304854839235    
  0.25615      0.000540447621021135    
  0.25660000000000005      0.0005415913953515233    
  0.25705      0.0005427361794798583    
  0.2575      0.0005438819750546928    
  0.25795      0.0005450287837242985    
  0.2584      0.0005461766071358683    
  0.25885      0.0005473254469362306    
  0.25930000000000003      0.0005484753047712548    
  0.25975000000000004      0.000549626182286286    
  0.2602      0.0005507780811257624    
  0.26065000000000005      0.0005519310029338583    
  0.2611      0.0005530849493533812    
  0.26155000000000006      0.0005542399220271749    
  0.262      0.0005553959225967006    
  0.26245      0.0005565529527033122    
  0.2629      0.0005577110139871073    
  0.26335000000000003      0.0005588701080879339    
  0.26380000000000003      0.0005600302366445386    
  0.26425      0.0005611914012951715    
  0.26470000000000005      0.0005623536036775401    
  0.26515      0.0005635168454282639    
  0.26560000000000006      0.0005646811281835168    
  0.26605      0.0005658464535785567    
  0.2665      0.0005670128232480864    
  0.26695      0.0005681802388258893    
  0.2674      0.0005693487019453429    
  0.26785000000000003      0.0005705182142385513    
  0.2683      0.0005716887773377938    
  0.26875000000000004      0.0005728603928736656    
  0.2692      0.0005740330624766591    
  0.26965000000000006      0.0005752067877761047    
  0.2701      0.0005763815704008454    
  0.27055      0.0005775574119790388    
  0.271      0.0005787343141381244    
  0.27145      0.0005799122785044002    
  0.27190000000000003      0.0005810913067039215    
  0.27235      0.0005822714003618154    
  0.27280000000000004      0.0005834525611022445    
  0.27325      0.0005846347905489845    
  0.27370000000000005      0.0005858180903247964    
  0.27415      0.0005870024620520525    
  0.2746      0.0005881879073517983    
  0.27505      0.0005893744278448187    
  0.2755      0.0005905620251510056    
  0.27595000000000003      0.000591750700889326    
  0.27640000000000003      0.0005929404566782249    
  0.27685000000000004      0.0005941312941352608    
  0.2773      0.0005953232148772827    
  0.27775000000000005      0.0005965162205202688    
  0.2782      0.0005977103126796959    
  0.27865      0.0005989054929699186    
  0.2791      0.0006001017630047449    
  0.27955      0.0006012991243972039    
  0.28      0.0006024975787595373    
  0.28045000000000003      0.0006036971277031504    
  0.28090000000000004      0.0006048977728387098    
  0.28135      0.0006060995157761567    
  0.28180000000000005      0.0006073023581246173    
  0.28225      0.000608506301492312    
  0.28270000000000006      0.0006097113474870311    
  0.28315      0.0006109174977154269    
  0.2836      0.0006121247537834232    
  0.28405      0.0006133331172962948    
  0.28450000000000003      0.0006145425898584841    
  0.28495000000000004      0.000615753173073507    
  0.2854      0.0006169648685442446    
  0.28585000000000005      0.0006181776778729081    
  0.2863      0.0006193916026606995    
  0.28675000000000006      0.0006206066445076479    
  0.2872      0.0006218228050139489    
  0.28765      0.0006230400857782266    
  0.2881      0.0006242584883985082    
  0.28855000000000003      0.0006254780144720369    
  0.28900000000000003      0.0006266986655953863    
  0.28945      0.0006279204433640752    
  0.28990000000000005      0.0006291433493728453    
  0.29035      0.0006303673852158832    
  0.29080000000000006      0.0006315925524862827    
  0.29125      0.0006328188527764331    
  0.2917      0.0006340462876779883    
  0.29215      0.0006352748587816169    
  0.2926      0.000636504567677252    
  0.29305000000000003      0.0006377354159540667    
  0.2935      0.0006389674052003844    
  0.29395000000000004      0.0006402005370035151    
  0.2944      0.0006414348129501167    
  0.29485000000000006      0.0006426702346261359    
  0.2953      0.0006439068036164439    
  0.29575      0.0006451445215052108    
  0.2962      0.0006463833898757536    
  0.29665      0.0006476234103106361    
  0.29710000000000003      0.000648864584391437    
  0.29755000000000004      0.000650106913698819    
  0.29800000000000004      0.0006513503998130735    
  0.29845      0.0006525950443129515    
  0.29890000000000005      0.0006538408487769647    
  0.29935      0.0006550878147824242    
  0.2998      0.0006563359439060584    
  0.30025      0.0006575852377233952    
  0.3007      0.0006588356978095289    
  0.30115000000000003      0.0006600873257383254    
  0.30160000000000003      0.0006613401230830436    
  0.30205000000000004      0.0006625940914160681    
  0.3025      0.0006638492323087462    
  0.30295000000000005      0.000665105547331693    
  0.3034      0.0006663630380546598    
  0.30385000000000006      0.0006676217060465721    
  0.3043      0.0006688815528753146    
  0.30475      0.0006701425801082343    
  0.3052      0.0006714047893113875    
  0.30565000000000003      0.000672668182050383    
  0.30610000000000004      0.0006739327598895041    
  0.30655      0.0006751985243925764    
  0.30700000000000005      0.0006764654771223254    
  0.30745      0.0006777336196407448    
  0.30790000000000006      0.0006790029535087873    
  0.30835      0.0006802734802866944    
  0.3088      0.0006815452015333998    
  0.30925      0.0006828181188076494    
  0.30970000000000003      0.0006840922336667291    
  0.31015000000000004      0.0006853675476672545    
  0.3106      0.0006866440623649328    
  0.31105000000000005      0.0006879217793147804    
  0.3115      0.0006892007000705441    
  0.31195000000000006      0.0006904808261850894    
  0.3124      0.0006917621592108202    
  0.31285      0.0006930447006987979    
  0.3133      0.000694328452199279    
  0.31375000000000003      0.0006956134152619822    
  0.31420000000000003      0.000696899591435169    
  0.31465      0.0006981869822664973    
  0.31510000000000005      0.000699475589302747    
  0.31555      0.0007007654140896089    
  0.31600000000000006      0.0007020564581719443    
  0.31645      0.0007033487230938204    
  0.3169      0.0007046422103982597    
  0.31735      0.00070593692162731    
  0.3178      0.0007072328583223528    
  0.31825000000000003      0.0007085300220233508    
  0.31870000000000004      0.0007098284142700029    
  0.31915000000000004      0.0007111280366005855    
  0.3196      0.0007124288905525911    
  0.32005000000000006      0.0007137309776627278    
  0.3205      0.0007150342994665868    
  0.32095      0.0007163388574989299    
  0.3214      0.0007176446532932181    
  0.32185      0.0007189516883826935    
  0.32230000000000003      0.0007202599642992281    
  0.32275000000000004      0.0007215694825735662    
  0.32320000000000004      0.0007228802447358726    
  0.32365      0.0007241922523152713    
  0.32410000000000005      0.0007255055068398977    
  0.32455      0.0007268200098367456    
  0.32500000000000007      0.000728135762832146    
  0.32545      0.0007294527673514552    
  0.3259      0.0007307710249191066    
  0.32635000000000003      0.0007320905370582498    
  0.32680000000000003      0.0007334113052914551    
  0.32725000000000004      0.0007347333311400438    
  0.3277      0.0007360566161247507    
  0.32815000000000005      0.0007373811617649925    
  0.3286      0.0007387069695792663    
  0.32905000000000006      0.000740034041085226    
  0.3295      0.0007413623777995926    
  0.32995      0.0007426919812379487    
  0.3304      0.0007440228529150168    
  0.33085000000000003      0.0007453549943445235    
  0.33130000000000004      0.0007466884070392484    
  0.33175000000000004      0.0007480230925108293    
  0.33220000000000005      0.000749359052270273    
  0.33265      0.0007506962878272017    
  0.3331      0.0007520348006905889    
  0.33355      0.0007533745923680724    
  0.334      0.0007547156643667209    
  0.33445      0.0007560580181922918    
  0.33490000000000003      0.0007574016553497168    
  0.33535000000000004      0.0007587465773427303    
  0.33580000000000004      0.0007600927856744183    
  0.33625000000000005      0.0007614402818465309    
  0.33670000000000005      0.0007627890673600549    
  0.33715      0.0007641391437146899    
  0.3376      0.000765490512409487    
  0.33805      0.0007668431749424734    
  0.3385      0.0007681971328101396    
  0.33895000000000003      0.0007695523875086464    
  0.33940000000000003      0.0007709089405327739    
  0.33985000000000004      0.0007722667933762438    
  0.34030000000000005      0.0007736259475320459    
  0.34075000000000005      0.0007749864044921534    
  0.3412      0.0007763481657469158    
  0.34165      0.0007777112327864363    
  0.3421      0.0007790756070993957    
  0.34255      0.0007804412901734926    
  0.343      0.0007818082834954027    
  0.34345000000000003      0.000783176588550951    
  0.34390000000000004      0.0007845462068246586    
  0.34435000000000004      0.0007859171398001998    
  0.34480000000000005      0.0007872893889600517    
  0.34525000000000006      0.00078866295578588    
  0.3457      0.0007900378417581531    
  0.34615      0.0007914140483563058    
  0.3466      0.0007927915770590058    
  0.34705      0.0007941704293433528    
  0.34750000000000003      0.0007955506066857979    
  0.34795000000000004      0.0007969321105614977    
  0.34840000000000004      0.000798314942444929    
  0.34885000000000005      0.0007996991038092677    
  0.34930000000000005      0.0008010845961263745    
  0.34975      0.0008024714208676592    
  0.3502      0.0008038595795030433    
  0.35065      0.0008052490735013865    
  0.3511      0.0008066399043308893    
  0.35155000000000003      0.0008080320734581703    
  0.35200000000000004      0.0008094255823489112    
  0.35245000000000004      0.0008108204324680721    
  0.35290000000000005      0.0008122166252792565    
  0.35335000000000005      0.000813614162244819    
  0.3538      0.0008150130448265278    
  0.35425      0.0008164132744847251    
  0.3547      0.0008178148526788338    
  0.35515      0.0008192177808669134    
  0.3556      0.00082062206050652    
  0.35605000000000003      0.000822027693053385    
  0.35650000000000004      0.0008234346799628443    
  0.35695000000000005      0.0008248430226886309    
  0.35740000000000005      0.0008262527226836174    
  0.35785      0.0008276637813997602    
  0.3583      0.000829076200287493    
  0.35875      0.0008304899807966698    
  0.3592      0.0008319051243754171    
  0.35965      0.0008333216324714274    
  0.36010000000000003      0.000834739506530683    
  0.36055000000000004      0.0008361587479987775    
  0.36100000000000004      0.0008375793583193548    
  0.36145000000000005      0.0008390013389356424    
  0.3619      0.0008404246912894348    
  0.36235000000000006      0.0008418494168215655    
  0.3628      0.0008432755169714146    
  0.36325      0.0008447029931780148    
  0.3637      0.000846131846878144    
  0.36415000000000003      0.0008475620795085487    
  0.36460000000000004      0.0008489936925042615    
  0.36505000000000004      0.0008504266872993264    
  0.36550000000000005      0.0008518610653265486    
  0.36595000000000005      0.0008532968280179527    
  0.36640000000000006      0.0008547339768039883    
  0.36685      0.0008561725131144005    
  0.3673      0.000857612438377519    
  0.36775      0.000859053754020421    
  0.3682      0.000860496461469646    
  0.36865000000000003      0.0008619405621498599    
  0.36910000000000004      0.0008633860574850105    
  0.36955000000000005      0.000864832948897918    
  0.37000000000000005      0.0008662812378098204    
  0.37045000000000006      0.0008677309256415848    
  0.3709      0.0008691820138120934    
  0.37135      0.0008706345037397464    
  0.3718      0.000872088396841459    
  0.37225      0.0008735436945329911    
  0.37270000000000003      0.0008750003982290616    
  0.37315000000000004      0.0008764585093431199    
  0.37360000000000004      0.0008779180292876124    
  0.37405000000000005      0.0008793789594734452    
  0.37450000000000006      0.0008808413013109591    
  0.37495      0.0008823050562087043    
  0.3754      0.0008837702255746448    
  0.37585      0.0008852368108151105    
  0.3763      0.0008867048133355572    
  0.37675000000000003      0.0008881742345399034    
  0.37720000000000004      0.0008896450758315334    
  0.37765000000000004      0.0008911173386116772    
  0.37810000000000005      0.0008925910242815922    
  0.37855000000000005      0.0008940661342402498    
  0.379      0.0008955426698860937    
  0.37945      0.0008970206326162564    
  0.3799      0.0008985000238263853    
  0.38035      0.0008999808449114688    
  0.3808      0.0009014630972648194    
  0.38125000000000003      0.000902946782278518    
  0.38170000000000004      0.0009044319013440313    
  0.38215000000000005      0.0009059184558511714    
  0.38260000000000005      0.0009074064471886259    
  0.38305      0.000908895876743674    
  0.38350000000000006      0.0009103867459028803    
  0.38395      0.000911879056051175    
  0.3844      0.0009133728085726697    
  0.38485      0.0009148680048496546    
  0.38530000000000003      0.0009163646462637329    
  0.38575000000000004      0.0009178627341951406    
  0.38620000000000004      0.0009193622700229137    
  0.38665000000000005      0.0009208632551248493    
  0.38710000000000006      0.0009223656908775996    
  0.38755000000000006      0.0009238695786561064    
  0.388      0.0009253749198350723    
  0.38845      0.0009268817157869584    
  0.3889      0.0009283899678834279    
  0.38935000000000003      0.0009298996774951378    
  0.38980000000000004      0.0009314108459910798    
  0.39025000000000004      0.0009329234747394478    
  0.39070000000000005      0.0009344375651067702    
  0.39115000000000005      0.0009359531184583991    
  0.39160000000000006      0.0009374701361587016    
  0.39205      0.0009389886195707783    
  0.3925      0.000940508570056349    
  0.39295      0.0009420299889755582    
  0.3934      0.0009435528776880302    
  0.39385000000000003      0.000945077237551592    
  0.39430000000000004      0.0009466030699229189    
  0.39475000000000005      0.0009481303761576208    
  0.39520000000000005      0.0009496591576098508    
  0.39565000000000006      0.0009511894156323357    
  0.3961      0.0009527211515772821    
  0.39655      0.000954254366794572    
  0.397      0.000955789062633508    
  0.39745      0.0009573252404420501    
  0.39790000000000003      0.0009588629015667982    
  0.39835000000000004      0.0009604020473529401    
  0.39880000000000004      0.0009619426791448241    
  0.39925000000000005      0.0009634847982849006    
  0.39970000000000006      0.0009650284061148602    
  0.40015      0.000966573503974829    
  0.40060000000000007      0.0009681200932036317    
  0.40105      0.0009696681751393058    
  0.4015      0.0009712177511176333    
  0.40195000000000003      0.000972768822474275    
  0.40240000000000004      0.0009743213905424285    
  0.40285000000000004      0.0009758754566547706    
  0.40330000000000005      0.0009774310221426115    
  0.40375000000000005      0.0009789880883357797    
  0.4042      0.0009805466565628099    
  0.40465000000000007      0.0009821067281508035    
  0.4051      0.0009836683044258838    
  0.40555      0.0009852313867127656    
  0.406      0.0009867959763345535    
  0.40645000000000003      0.0009883620746134435    
  0.40690000000000004      0.000989929682870063    
  0.40735000000000005      0.0009914988024241136    
  0.40780000000000005      0.0009930694345930899    
  0.40825      0.0009946415806941777    
  0.40870000000000006      0.0009962152420426341    
  0.40915      0.0009977904199528626    
  0.4096      0.0009993671157371292    
  0.41005      0.001000945330707246    
  0.41050000000000003      0.0010025250661732897    
  0.41095000000000004      0.0010041063234438562    
  0.41140000000000004      0.0010056891038266146    
  0.41185000000000005      0.0010072734086276174    
  0.41230000000000006      0.0010088592391515015    
  0.41275000000000006      0.0010104465967016897    
  0.4132      0.0010120354825804007    
  0.41365      0.0010136258980884064    
  0.4141      0.001015217844524921    
  0.41455000000000003      0.0010168113231881284    
  0.41500000000000004      0.0010184063353745922    
  0.41545000000000004      0.0010200028823797308    
  0.41590000000000005      0.0010216009654974018    
  0.41635000000000005      0.0010232005860202377    
  0.41680000000000006      0.001024801745239539    
  0.41725      0.0010264044444451281    
  0.4177      0.0010280086849256895    
  0.41815      0.0010296144679682595    
  0.4186      0.0010312217948583724    
  0.41905000000000003      0.0010328306668807852    
  0.41950000000000004      0.0010344410853183918    
  0.41995000000000005      0.0010360530514527053    
  0.42040000000000005      0.001037666566564361    
  0.42085000000000006      0.001039281631931871    
  0.4213      0.0010408982488329561    
  0.42175000000000007      0.001042516418543634    
  0.4222      0.0010441361423387321    
  0.42265      0.0010457574214914611    
  0.42310000000000003      0.0010473802572739457    
  0.42355000000000004      0.0010490046509565552    
  0.42400000000000004      0.0010506306038087013    
  0.42445000000000005      0.0010522581170979949    
  0.42490000000000006      0.0010538871920908362    
  0.42535      0.0010555178300521405    
  0.42580000000000007      0.0010571500322454665    
  0.42625      0.001058783799933058    
  0.4267      0.0010604191343754552    
  0.42715000000000003      0.0010620560368321888    
  0.42760000000000004      0.001063694508561152    
  0.42805000000000004      0.0010653345508186834    
  0.42850000000000005      0.0010669761648600291    
  0.42895000000000005      0.0010686193519388008    
  0.4294      0.001070264113307292    
  0.42985000000000007      0.0010719104502161028    
  0.4303      0.0010735583639149525    
  0.43075      0.0010752078556517074    
  0.4312      0.0010768589266726032    
  0.43165000000000003      0.001078511578222946    
  0.43210000000000004      0.001080165811546581    
  0.43255000000000005      0.0010818216278855354    
  0.43300000000000005      0.0010834790284805045    
  0.43345      0.001085138014570955    
  0.43390000000000006      0.0010867985873947023    
  0.43435      0.001088460748188455    
  0.4348      0.0010901244981868577    
  0.43525      0.0010917898386236524    
  0.43570000000000003      0.0010934567707310168    
  0.43615000000000004      0.001095125295739536    
  0.43660000000000004      0.001096795414878185    
  0.43705000000000005      0.0010984671293748811    
  0.43750000000000006      0.0011001404404559212    
  0.43795000000000006      0.0011018153493460928    
  0.4384      0.0011034918572687263    
  0.43885      0.0011051699654456432    
  0.4393      0.0011068496750973496    
  0.43975000000000003      0.001108530987442468    
  0.44020000000000004      0.0011102139036988541    
  0.44065000000000004      0.0011118984250823444    
  0.44110000000000005      0.0011135845528073944    
  0.44155000000000005      0.001115272288086961    
  0.44200000000000006      0.0011169616321327729    
  0.44245      0.0011186525861545914    
  0.44290000000000007      0.0011203451513611996    
  0.44335      0.0011220393289596876    
  0.44380000000000003      0.0011237351201553863    
  0.44425000000000003      0.0011254325261527733    
  0.44470000000000004      0.0011271315481541748    
  0.44515000000000005      0.0011288321873605643    
  0.44560000000000005      0.0011305344449719923    
  0.44605000000000006      0.0011322383221858828    
  0.4465      0.0011339438201993166    
  0.44695000000000007      0.0011356509402073375    
  0.4474      0.0011373596834032239    
  0.44785      0.0011390700509792823    
  0.44830000000000003      0.0011407820441259875    
  0.44875000000000004      0.0011424956640321525    
  0.44920000000000004      0.0011442109118858235    
  0.44965000000000005      0.001145927788872507    
  0.45010000000000006      0.0011476462961766964    
  0.45055      0.001149366434981515    
  0.45100000000000007      0.0011510882064682572    
  0.45145      0.0011528116118167085    
  0.4519      0.0011545366522055789    
  0.45235000000000003      0.001156263328811212    
  0.45280000000000004      0.0011579916428092162    
  0.45325000000000004      0.0011597215953733468    
  0.45370000000000005      0.001161453187675545    
  0.45415000000000005      0.0011631864208866485    
  0.4546      0.0011649212961757707    
  0.45505000000000007      0.0011666578147103944    
  0.4555      0.0011683959776566388    
  0.4559500000000001      0.0011701357861787637    
  0.45640000000000003      0.0011718772414399357    
  0.45685000000000003      0.0011736203446014795    
  0.45730000000000004      0.0011753650968230472    
  0.45775000000000005      0.0011771114992629589    
  0.45820000000000005      0.001178859553077928    
  0.45865      0.0011806092594230239    
  0.45910000000000006      0.0011823606194518096    
  0.45955      0.001184113634316121    
  0.4600000000000001      0.0011858683051666624    
  0.46045      0.0011876246331520637    
  0.46090000000000003      0.00118938261941956    
  0.46135000000000004      0.0011911422651149292    
  0.46180000000000004      0.0011929035713822214    
  0.46225000000000005      0.001194666539363974    
  0.4627      0.0011964311702010108    
  0.46315000000000006      0.0011981974650327881    
  0.4636      0.001199965424997021    
  0.4640500000000001      0.0012017350512299116    
  0.4645      0.0012035063448661565    
  0.46495000000000003      0.001205279307038433    
  0.46540000000000004      0.0012070539388784954    
  0.46585000000000004      0.0012088302415157182    
  0.46630000000000005      0.0012106082160786638    
  0.46675      0.0012123878636934454    
  0.46720000000000006      0.0012141691854856557    
  0.46765      0.0012159521825779729    
  0.46810000000000007      0.001217736856092784    
  0.46855      0.0012195232071497975    
  0.46900000000000003      0.001221311236867445    
  0.46945000000000003      0.0012231009463630968    
  0.46990000000000004      0.0012248923367516526    
  0.47035000000000005      0.0012266854091470616    
  0.47080000000000005      0.0012284801646610596    
  0.47125000000000006      0.0012302766044041125    
  0.4717      0.0012320747294852913    
  0.47215000000000007      0.0012338745410114746    
  0.4726      0.0012356760400882988    
  0.4730500000000001      0.0012374792278195546    
  0.47350000000000003      0.0012392841053075199    
  0.47395000000000004      0.0012410906736528074    
  0.47440000000000004      0.001242898933954524    
  0.47485000000000005      0.001244708887309813    
  0.47530000000000006      0.0012465205348144853    
  0.47575      0.0012483338775622632    
  0.47620000000000007      0.0012501489166460017    
  0.47665      0.0012519656531559467    
  0.4771000000000001      0.0012537840881813866    
  0.47755000000000003      0.0012556042228099862    
  0.47800000000000004      0.0012574260581270022    
  0.47845000000000004      0.0012592495952170046    
  0.47890000000000005      0.0012610748351618434    
  0.47935000000000005      0.001262901779042959    
  0.4798      0.0012647304279390648    
  0.48025000000000007      0.0012665607829275283    
  0.4807      0.0012683928450840792    
  0.4811500000000001      0.001270226615483032    
  0.48160000000000003      0.0012720620951966535    
  0.48205000000000003      0.0012738992852958236    
  0.48250000000000004      0.001275738186849451    
  0.48295000000000005      0.00127757880092471    
  0.48340000000000005      0.0012794211285873935    
  0.48385      0.0012812651709014494    
  0.48430000000000006      0.0012831109289294582    
  0.48475      0.001284958403731648    
  0.4852000000000001      0.0012868075963670747    
  0.48565      0.0012886585078929966    
  0.48610000000000003      0.0012905111393649096    
  0.48655000000000004      0.0012923654918366376    
  0.48700000000000004      0.0012942215663600473    
  0.48745000000000005      0.0012960793639857984    
  0.4879      0.0012979388857622953    
  0.48835000000000006      0.001299800132736971    
  0.4888      0.00130166310595458    
  0.4892500000000001      0.0013035278064589886    
  0.4897      0.0013053942352919332    
  0.49015000000000003      0.0013072623934936231    
  0.49060000000000004      0.0013091322821023738    
  0.49105000000000004      0.0013110039021548212    
  0.49150000000000005      0.0013128772546859013    
  0.49195000000000005      0.0013147523407290931    
  0.49240000000000006      0.001316629161315426    
  0.49285      0.0013185077174750273    
  0.49330000000000007      0.0013203880102358179    
  0.49375      0.001322270040623942    
  0.4942000000000001      0.0013241538096641359    
  0.49465000000000003      0.0013260393183792268    
  0.49510000000000004      0.0013279265677899818    
  0.49555000000000005      0.0013298155589159255    
  0.49600000000000005      0.0013317062927747508    
  0.49645000000000006      0.0013335987703820829    
  0.4969      0.001335492992752041    
  0.49735000000000007      0.001337388960896968    
  0.4978      0.0013392866758272087    
  0.4982500000000001      0.0013411861385519142    
  0.49870000000000003      0.0013430873500778623    
  0.49915000000000004      0.001344990311410478    
  0.49960000000000004      0.0013468950235533544    
  0.5000500000000001      0.0013488014875079335    
  0.5005000000000001      0.0013507097042742555    
  0.50095      0.0013526196748507371    
  0.5014000000000001      0.0013545314002334774    
  0.50185      0.0013564448814175276    
  0.5023000000000001      0.00135836011939542    
  0.50275      0.0013602771151584453    
  0.5032000000000001      0.001362195869695812    
  0.50365      0.0013641163839950982    
  0.5041      0.0013660386590419946    
  0.50455      0.0013679626958204502    
  0.505      0.001369888495312624    
  0.5054500000000001      0.0013718160584989605    
  0.5059      0.0013737453863578372    
  0.5063500000000001      0.0013756764798662086    
  0.5068      0.0013776093399989683    
  0.50725      0.0013795439677293311    
  0.5077      0.0013814803640285686    
  0.5081500000000001      0.001383418529866412    
  0.5086      0.0013853584662103305    
  0.50905      0.0013873001740264818    
  0.5095000000000001      0.0013892436542789141    
  0.50995      0.0013911889079296844    
  0.5104000000000001      0.0013931359359398501    
  0.51085      0.0013950847392675686    
  0.5113000000000001      0.0013970353188699977    
  0.51175      0.0013989876757017072    
  0.5122      0.0014009418107166077    
  0.51265      0.0014028977248652305    
  0.5131000000000001      0.0014048554190978224    
  0.5135500000000001      0.00140681489436182    
  0.514      0.0014087761516031333    
  0.5144500000000001      0.0014107391917656253    
  0.5149      0.001412704015791695    
  0.5153500000000001      0.0014146706246213545    
  0.5158      0.0014166390191934983    
  0.5162500000000001      0.0014186092004447107    
  0.5167      0.0014205811693095913    
  0.51715      0.0014225549267213103    
  0.5176000000000001      0.0014245304736109216    
  0.51805      0.0014265078109075083    
  0.5185000000000001      0.0014284869395387659    
  0.51895      0.0014304678604301832    
  0.5194000000000001      0.0014324505745051327    
  0.51985      0.0014344350826854674    
  0.5203      0.001436421385891562    
  0.52075      0.001438409485041224    
  0.5212000000000001      0.0014403993810507137    
  0.5216500000000001      0.001442391074834036    
  0.5221      0.0014443845673042105    
  0.5225500000000001      0.0014463798593713148    
  0.523      0.0014483769519443856    
  0.5234500000000001      0.0014503758459303365    
  0.5239      0.0014523765422337145    
  0.5243500000000001      0.0014543790417577696    
  0.5248      0.00145638334540385    
  0.52525      0.0014583894540709796    
  0.5257000000000001      0.0014603973686567809    
  0.52615      0.0014624070900564126    
  0.5266000000000001      0.0014644186191637362    
  0.52705      0.0014664319568707673    
  0.5275000000000001      0.0014684471040665725    
  0.52795      0.0014704640616396564    
  0.5284      0.001472482830475623    
  0.52885      0.0014745034114588065    
  0.5293000000000001      0.0014765258054714042    
  0.52975      0.001478550013393476    
  0.5302      0.001480576036103548    
  0.5306500000000001      0.0014826038744781    
  0.5311      0.0014846335293913493    
  0.5315500000000001      0.0014866650017163544    
  0.532      0.0014886982923237452    
  0.5324500000000001      0.0014907334020818272    
  0.5329      0.001492770331857636    
  0.53335      0.0014948090825166113    
  0.5338      0.001496849654920876    
  0.5342500000000001      0.0014988920499321504    
  0.5347000000000001      0.0015009362684091296    
  0.53515      0.001502982311209232    
  0.5356000000000001      0.001505030179187808    
  0.53605      0.0015070798731975782    
  0.5365      0.001509131394090514    
  0.53695      0.0015111847427158528    
  0.5374000000000001      0.001513239919920778    
  0.53785      0.0015152969265511684    
  0.5383      0.0015173557634503773    
  0.5387500000000001      0.0015194164314600786    
  0.5392      0.0015214789314200172    
  0.5396500000000001      0.0015235432641676136    
  0.5401      0.0015256094305387477    
  0.5405500000000001      0.001527677431367419    
  0.541      0.0015297472674852264    
  0.54145      0.0015318189397218046    
  0.5419      0.0015338924489052067    
  0.5423500000000001      0.0015359677958617021    
  0.5428000000000001      0.0015380449814144867    
  0.54325      0.0015401240063862495    
  0.5437000000000001      0.0015422048715964878    
  0.54415      0.0015442875778634915    
  0.5446000000000001      0.0015463721260030247    
  0.54505      0.0015484585168291862    
  0.5455000000000001      0.0015505467511542498    
  0.54595      0.0015526368297883106    
  0.5464      0.0015547287535389587    
  0.5468500000000001      0.001556822523212563    
  0.5473      0.0015589181396131954    
  0.5477500000000001      0.0015610156035430409    
  0.5482      0.0015631149158023133    
  0.5486500000000001      0.0015652160771888052    
  0.5491      0.0015673190884986435    
  0.54955      0.001569423950526283    
  0.55      0.0015715306640632712    
  0.5504500000000001      0.0015736392299001006    
  0.5509000000000001      0.0015757496488248562    
  0.55135      0.001577861921623104    
  0.5518000000000001      0.001579976049079626    
  0.55225      0.0015820920319757695    
  0.5527000000000001      0.0015842098710918823    
  0.55315      0.0015863295672057798    
  0.5536000000000001      0.001588451121093716    
  0.55405      0.0015905745335296137    
  0.5545      0.0015926998052849042    
  0.55495      0.0015948269371299784    
  0.5554000000000001      0.0015969559298323471    
  0.5558500000000001      0.0015990867841580297    
  0.5563      0.0016012195008707278    
  0.5567500000000001      0.0016033540807324914    
  0.5572      0.0016054905245023732    
  0.55765      0.001607628832938711    
  0.5581      0.0016097690067966436    
  0.5585500000000001      0.0016119110468300613    
  0.559      0.00161405495379046    
  0.55945      0.0016162007284271987    
  0.5599000000000001      0.001618348371487624    
  0.56035      0.0016204978837174658    
  0.5608000000000001      0.0016226492658597894    
  0.56125      0.0016248025186556755    
  0.5617000000000001      0.0016269576428448104    
  0.56215      0.0016291146391640005    
  0.5626000000000001      0.001631273508348359    
  0.56305      0.0016334342511310149    
  0.5635000000000001      0.0016355968682429736    
  0.5639500000000001      0.0016377613604128052    
  0.5644000000000001      0.0016399277283674976    
  0.5648500000000001      0.0016420959728317974    
  0.5653      0.0016442660945284182    
  0.5657500000000001      0.0016464380941778947    
  0.5662      0.0016486119724985898    
  0.5666500000000001      0.0016507877302068819    
  0.5671      0.001652965368017345    
  0.5675500000000001      0.0016551448866424442    
  0.5680000000000001      0.0016573262867916605    
  0.5684500000000001      0.0016595095691735728    
  0.5689000000000001      0.0016616947344937905    
  0.56935      0.0016638817834564723    
  0.5698000000000001      0.0016660707167634806    
  0.57025      0.0016682615351141655    
  0.5707000000000001      0.001670454239206337    
  0.57115      0.00167264882973564    
  0.5716000000000001      0.001674845307394944    
  0.5720500000000001      0.0016770436728759247    
  0.5725000000000001      0.0016792439268678988    
  0.5729500000000001      0.0016814460700575184    
  0.5734000000000001      0.0016836501031300063    
  0.5738500000000001      0.0016858560267681844    
  0.5743      0.0016880638416523833    
  0.5747500000000001      0.001690273548461789    
  0.5752      0.0016924851478724856    
  0.5756500000000001      0.0016946986405588643    
  0.5761000000000001      0.001696914027193068    
  0.5765500000000001      0.0016991313084456228    
  0.5770000000000001      0.0017013504849840919    
  0.5774500000000001      0.0017035715574746924    
  0.5779000000000001      0.0017057945265805813    
  0.57835      0.001708019392964076    
  0.5788000000000001      0.0017102461572839622    
  0.57925      0.0017124748201977902    
  0.5797000000000001      0.001714705382360869    
  0.58015      0.0017169378444262043    
  0.5806000000000001      0.0017191722070444143    
  0.5810500000000001      0.0017214084708646743    
  0.5815000000000001      0.00172364663653303    
  0.5819500000000001      0.0017258867046945348    
  0.5824      0.0017281286759908351    
  0.5828500000000001      0.0017303725510625437    
  0.5833      0.0017326183305473447    
  0.5837500000000001      0.001734866015081639    
  0.5842      0.0017371156052984477    
  0.5846500000000001      0.0017393671018294463    
  0.5851000000000001      0.00174162050530393    
  0.5855500000000001      0.0017438758163495147    
  0.5860000000000001      0.0017461330355907495    
  0.58645      0.0017483921636506708    
  0.5869000000000001      0.001750653201149692    
  0.58735      0.0017529161487066305    
  0.5878000000000001      0.001755181006937799    
  0.58825      0.0017574477764572896    
  0.5887000000000001      0.0017597164578769392    
  0.5891500000000001      0.0017619870518068848    
  0.5896000000000001      0.001764259558854113    
  0.5900500000000001      0.0017665339796247223    
  0.5905      0.0017688103147213696    
  0.5909500000000001      0.0017710885647454488    
  0.5914      0.0017733687302960363    
  0.5918500000000001      0.0017756508119693426    
  0.5923      0.001777934810360031    
  0.5927500000000001      0.0017802207260605302    
  0.5932000000000001      0.0017825085596605422    
  0.5936500000000001      0.001784798311748395    
  0.5941000000000001      0.0017870899829095857    
  0.5945500000000001      0.0017893835737276403    
  0.5950000000000001      0.0017916790847835665    
  0.59545      0.0017939765166568103    
  0.5959000000000001      0.0017962758699243478    
  0.59635      0.0017985771451600394    
  0.5968000000000001      0.0018008803429372111    
  0.5972500000000001      0.0018031854638255324    
  0.5977000000000001      0.001805492508393354    
  0.5981500000000001      0.001807801477206418    
  0.5986      0.0018101123708280098    
  0.5990500000000001      0.0018124251898197843    
  0.5995      0.0018147399347406279    
  0.5999500000000001      0.0018170566061477336    
  0.6004      0.0018193752045956926    
  0.6008500000000001      0.001821695730636723    
  0.6013000000000001      0.0018240181848211898    
  0.6017500000000001      0.0018263425676972034    
  0.6022000000000001      0.0018286688798105077    
  0.6026500000000001      0.001830997121704328    
  0.6031000000000001      0.0018333272939200854    
  0.60355      0.0018356593969970567    
  0.6040000000000001      0.0018379934314719792    
  0.60445      0.001840329397879023    
  0.6049000000000001      0.0018426672967506025    
  0.60535      0.0018450071286172862    
  0.6058000000000001      0.0018473488940063953    
  0.6062500000000001      0.0018496925934434472    
  0.6067000000000001      0.001852038227451988    
  0.6071500000000001      0.0018543857965530666    
  0.6076      0.0018567353012654622    
  0.6080500000000001      0.0018590867421056298    
  0.6085      0.0018614401195877484    
  0.6089500000000001      0.0018637954342240887    
  0.6094      0.0018661526865243472    
  0.6098500000000001      0.0018685118769959028    
  0.6103000000000001      0.001870873006144233    
  0.6107500000000001      0.0018732360744716445    
  0.6112000000000001      0.0018756010824797012    
  0.61165      0.0018779680306661994    
  0.6121000000000001      0.0018803369195274644    
  0.61255      0.0018827077495574412    
  0.6130000000000001      0.0018850805212476673    
  0.61345      0.0018874552350874596    
  0.6139000000000001      0.0018898318915636855    
  0.6143500000000001      0.0018922104911612836    
  0.6148000000000001      0.0018945910343627637    
  0.6152500000000001      0.0018969735216480058    
  0.6157000000000001      0.0018993579534951344    
  0.6161500000000001      0.001901744330379894    
  0.6166      0.0019041326527752048    
  0.6170500000000001      0.0019065229211521623    
  0.6175      0.0019089151359796622    
  0.6179500000000001      0.0019113092977243243    
  0.6184000000000001      0.0019137054068496875    
  0.6188500000000001      0.001916103463818257    
  0.6193000000000001      0.001918503469088749    
  0.61975      0.0019209054231190542    
  0.6202000000000001      0.0019233093263637258    
  0.62065      0.0019257151792756583    
  0.6211000000000001      0.0019281229823049223    
  0.62155      0.001930532735899583    
  0.6220000000000001      0.001932944440505173    
  0.6224500000000001      0.0019353580965655662    
  0.6229000000000001      0.001937773704521209    
  0.6233500000000001      0.001940191264811264    
  0.6238000000000001      0.0019426107778716742    
  0.6242500000000001      0.001945032244137064    
  0.6247      0.0019474556640387553    
  0.6251500000000001      0.0019498810380061682    
  0.6256      0.0019523083664670302    
  0.6260500000000001      0.0019547376498457933    
  0.6265000000000001      0.001957168888564724    
  0.6269500000000001      0.001959602083044118    
  0.6274000000000001      0.001962037233702099    
  0.6278500000000001      0.0019644743409533427    
  0.6283000000000001      0.001966913405211705    
  0.6287500000000001      0.0019693544268877747    
  0.6292000000000001      0.0019717974063901272    
  0.62965      0.0019742423441246187    
  0.6301000000000001      0.001976689240495405    
  0.63055      0.0019791380959034155    
  0.6310000000000001      0.001981588910748032    
  0.6314500000000001      0.001984041685425944    
  0.6319000000000001      0.001986496420331621    
  0.6323500000000001      0.0019889531158571866    
  0.6328      0.0019914117723921973    
  0.6332500000000001      0.0019938723903241487    
  0.6337      0.001996334970037643    
  0.6341500000000001      0.0019987995119157484    
  0.6346      0.0020012660163385085    
  0.6350500000000001      0.0020037344836841275    
  0.6355000000000001      0.002006204914327618    
  0.6359500000000001      0.0020086773086427437    
  0.6364000000000001      0.002011151667000048    
  0.6368500000000001      0.0020136279897680492    
  0.6373000000000001      0.0020161062773128152    
  0.63775      0.002018586529997861    
  0.6382000000000001      0.0020210687481849315    
  0.63865      0.0020235529322330595    
  0.6391000000000001      0.002026039082498439    
  0.6395500000000001      0.0020285271993355364    
  0.6400000000000001      0.0020310172830961953    
  0.6404500000000001      0.0020335093341299973    
  0.6409      0.0020360033527839633    
  0.6413500000000001      0.002038499339402769    
  0.6418      0.0020409972943287308    
  0.6422500000000001      0.002043497217901785    
  0.6427      0.0020459991104595926    
  0.6431500000000001      0.0020485029723375237    
  0.6436000000000001      0.002051008803868111    
  0.6440500000000001      0.002053516605381722    
  0.6445000000000001      0.002056026377206255    
  0.6449500000000001      0.0020585381196680866    
  0.6454000000000001      0.0020610518330894043    
  0.64585      0.002063567517791673    
  0.6463000000000001      0.002066085174093249    
  0.64675      0.00206860480230988    
  0.6472000000000001      0.0020711264027553147    
  0.6476500000000001      0.002073649975741297    
  0.6481000000000001      0.002076175521575789    
  0.6485500000000001      0.0020787030405658782    
  0.6490000000000001      0.0020812325330152245    
  0.6494500000000001      0.0020837639992253854    
  0.6499000000000001      0.0020862974394959127    
  0.6503500000000001      0.0020888328541233334    
  0.6508      0.0020913702434019812    
  0.6512500000000001      0.0020939096076240254    
  0.6517000000000001      0.002096450947078825    
  0.6521500000000001      0.0020989942620535385    
  0.6526000000000001      0.002101539552832779    
  0.6530500000000001      0.0021040868196990914    
  0.6535000000000001      0.0021066360629320505    
  0.65395      0.0021091872828093786    
  0.6544000000000001      0.002111740479605863    
  0.65485      0.002114295653594153    
  0.6553000000000001      0.00211685280504436    
  0.65575      0.002119411934224512    
  0.6562000000000001      0.002121973041399494    
  0.6566500000000001      0.0021245361268326934    
  0.6571000000000001      0.002127101190783992    
  0.6575500000000001      0.0021296682335117806    
  0.6580000000000001      0.002132237255271431    
  0.6584500000000001      0.0021348082563163104    
  0.6589      0.0021373812368968848    
  0.6593500000000001      0.0021399561972615735    
  0.6598      0.00214253313765609    
  0.6602500000000001      0.002145112058323767    
  0.6607000000000001      0.00214769295950569    
  0.6611500000000001      0.0021502758414401746    
  0.6616000000000001      0.002152860704363657    
  0.66205      0.002155447548509437    
  0.6625000000000001      0.0021580363741085518    
  0.66295      0.002160627181389624    
  0.6634000000000001      0.0021632199705793748    
  0.66385      0.0021658147419011814    
  0.6643000000000001      0.0021684114955769426    
  0.6647500000000001      0.0021710102318246577    
  0.6652000000000001      0.002173610950861396    
  0.6656500000000001      0.002176213652901021    
  0.6661000000000001      0.0021788183381548434    
  0.6665500000000001      0.0021814250068321467    
  0.667      0.002184033659139384    
  0.6674500000000001      0.0021866442952806764    
  0.6679      0.002189256915457856    
  0.6683500000000001      0.0021918715198697425    
  0.6688000000000001      0.0021944881087135465    
  0.6692500000000001      0.0021971066821830365    
  0.6697000000000001      0.00219972724047017    
  0.6701500000000001      0.0022023497837648093    
  0.6706000000000001      0.002204974312253083    
  0.6710500000000001      0.0022076008261195657    
  0.6715000000000001      0.0022102293255462854    
  0.67195      0.0022128598107125225    
  0.6724000000000001      0.002215492281795267    
  0.6728500000000001      0.002218126738968894    
  0.6733000000000001      0.002220763182405751    
  0.6737500000000001      0.0022234016122748    
  0.6742000000000001      0.0022260420287433663    
  0.6746500000000001      0.002228684431976151    
  0.6751      0.00223132882213483    
  0.6755500000000001      0.002233975199379276    
  0.676      0.0022366235638664744    
  0.6764500000000001      0.002239273915750753    
  0.6769000000000001      0.002241926255184698    
  0.6773500000000001      0.002244580582317718    
  0.6778000000000001      0.002247236897296702    
  0.6782500000000001      0.0022498952002667216    
  0.6787000000000001      0.0022525554913693374    
  0.6791500000000001      0.002255217770744805    
  0.6796000000000001      0.0022578820385300014    
  0.68005      0.0022605482948594782    
  0.6805000000000001      0.0022632165398653314    
  0.68095      0.0022658867736773947    
  0.6814000000000001      0.002268558996422962    
  0.6818500000000001      0.0022712332082262046    
  0.6823000000000001      0.00227390940920974    
  0.6827500000000001      0.002276587599492834    
  0.6832      0.002279267779192795    
  0.6836500000000001      0.0022819499484241362    
  0.6841      0.0022846341072990523    
  0.6845500000000001      0.0022873202559275593    
  0.685      0.002290008394415982    
  0.6854500000000001      0.0022926985228692853    
  0.6859000000000001      0.0022953906413896302    
  0.6863500000000001      0.0022980847500765067    
  0.6868000000000001      0.0023007808490268025    
  0.6872500000000001      0.0023034789383352683    
  0.6877000000000001      0.0023061790180936848    
  0.68815      0.0023088810883917232    
  0.6886000000000001      0.002311585149316578    
  0.68905      0.002314291200952126    
  0.6895000000000001      0.002316999243380871    
  0.6899500000000001      0.002319709276681889    
  0.6904000000000001      0.0023224213009320205    
  0.6908500000000001      0.002325135316205873    
  0.6913      0.0023278513225753056    
  0.6917500000000001      0.00233056932010918    
  0.6922000000000001      0.002333289308875039    
  0.6926500000000001      0.002336011288936346    
  0.6931      0.0023387352603554262    
  0.6935500000000001      0.002341461223191288    
  0.6940000000000001      0.0023441891775002888    
  0.6944500000000001      0.002346919123337343    
  0.6949000000000001      0.002349651060753022    
  0.6953500000000001      0.0023523849897971183    
  0.6958000000000001      0.002355120910516234    
  0.69625      0.002357858822953793    
  0.6967000000000001      0.0023605987271517886    
  0.69715      0.0023633406231486215    
  0.6976000000000001      0.0023660845109812756    
  0.6980500000000001      0.0023688303906832103    
  0.6985000000000001      0.0023715782622859005    
  0.6989500000000001      0.0023743281258177817    
  0.6994      0.0023770799813057353    
  0.6998500000000001      0.002379833828772729    
  0.7003000000000001      0.00238258966824019    
  0.7007500000000001      0.0023853474997269086    
  0.7012      0.0023881073232485533    
  0.7016500000000001      0.002390869138818613    
  0.7021000000000001      0.00239363294644844    
  0.7025500000000001      0.0023963987461460834    
  0.7030000000000001      0.002399166537917538    
  0.7034500000000001      0.0024019363217657186    
  0.7039000000000001      0.002404708097692082    
  0.70435      0.0024074818656941582    
  0.7048000000000001      0.002410257625767659    
  0.7052500000000002      0.002413035377906117    
  0.7057000000000001      0.002415815122099707    
  0.70615      0.002418596858336494    
  0.7066000000000001      0.0024213805866016846    
  0.7070500000000001      0.0024241663068785557    
  0.7075000000000001      0.002426954019147068    
  0.7079500000000001      0.0024297437233847807    
  0.7084000000000001      0.002432535419566978    
  0.7088500000000001      0.0024353291076667227    
  0.7093      0.0024381247876535395    
  0.7097500000000001      0.0024409224594951484    
  0.7102      0.0024437221231563694    
  0.7106500000000001      0.0024465237785997462    
  0.7111000000000001      0.002449327425784631    
  0.7115500000000001      0.0024521330646687794    
  0.7120000000000001      0.002454940695206409    
  0.71245      0.0024577503173500714    
  0.7129000000000001      0.002460561931048849    
  0.7133500000000002      0.0024633755362497983    
  0.7138000000000001      0.0024661911328975467    
  0.71425      0.002469008720933502    
  0.7147000000000001      0.0024718283002971297    
  0.7151500000000001      0.002474649870925119    
  0.7156000000000001      0.0024774734327514675    
  0.7160500000000001      0.002480298985708007    
  0.7165000000000001      0.0024831265297227956    
  0.7169500000000001      0.002485956064723391    
  0.7174      0.002488787590632771    
  0.7178500000000001      0.0024916211073724576    
  0.7183      0.0024944566148610015    
  0.7187500000000001      0.0024972941130144283    
  0.7192000000000001      0.0025001336017460435    
  0.7196500000000001      0.0025029750809670986    
  0.7201000000000001      0.0025058185505859865    
  0.72055      0.0025086640105079216    
  0.7210000000000001      0.0025115114606363703    
  0.7214500000000001      0.002514360900871815    
  0.7219000000000001      0.002517212331112545    
  0.72235      0.0025200657512535335    
  0.7228000000000001      0.002522921161187866    
  0.7232500000000001      0.002525778560805811    
  0.7237000000000001      0.0025286379499949163    
  0.7241500000000001      0.0025314993286402604    
  0.7246000000000001      0.0025343626966242983    
  0.7250500000000001      0.002537228053826751    
  0.7255      0.0025400954001253695    
  0.7259500000000001      0.0025429647353941293    
  0.7264000000000002      0.002545836059506021    
  0.7268500000000001      0.0025487093723301907    
  0.7273000000000001      0.002551584673733176    
  0.7277500000000001      0.002554461963579946    
  0.7282000000000001      0.002557341241731917    
  0.7286500000000001      0.002560222508048479    
  0.7291000000000001      0.0025631057623857756    
  0.7295500000000001      0.0025659910045982837    
  0.7300000000000001      0.002568878234537289    
  0.73045      0.002571767452051385    
  0.7309000000000001      0.0025746586569867363    
  0.7313500000000001      0.0025775518491871208    
  0.7318000000000001      0.0025804470284932074    
  0.7322500000000001      0.0025833441947440694    
  0.7327000000000001      0.0025862433477750885    
  0.7331500000000001      0.002589144487419384    
  0.7336      0.0025920476135079112    
  0.7340500000000001      0.002594952725868044    
  0.7345000000000002      0.0025978598243257406    
  0.7349500000000001      0.0026007689087037267    
  0.7354      0.002603679978822035    
  0.7358500000000001      0.0026065930344986166    
  0.7363000000000001      0.0026095080755478423    
  0.7367500000000001      0.0026124251017829447    
  0.7372000000000001      0.002615344113013285    
  0.7376500000000001      0.0026182651090460307    
  0.7381000000000001      0.0026211880896855333    
  0.73855      0.002624113054734492    
  0.7390000000000001      0.002627040003991707    
  0.73945      0.002629968937254215    
  0.7399000000000001      0.00263289985431632    
  0.7403500000000001      0.002635832754969314    
  0.7408000000000001      0.0026387676390022263    
  0.7412500000000001      0.0026417045062014782    
  0.7417      0.002644643356350826    
  0.7421500000000001      0.0026475841892312224    
  0.7426000000000001      0.0026505270046217055    
  0.7430500000000001      0.002653471802298038    
  0.7435      0.0026564185820327074    
  0.7439500000000001      0.0026593673435976184    
  0.7444000000000001      0.0026623180867603874    
  0.7448500000000001      0.002665270811286355    
  0.7453000000000001      0.002668225516938641    
  0.7457500000000001      0.002671182203477479    
  0.7462000000000001      0.002674140870660674    
  0.74665      0.002677101518242825    
  0.7471000000000001      0.002680064145976893    
  0.7475500000000002      0.0026830287536121072    
  0.7480000000000001      0.00268599534089653    
  0.7484500000000001      0.0026889639075742267    
  0.7489000000000001      0.002691934453387196    
  0.7493500000000001      0.0026949069780746876    
  0.7498000000000001      0.002697881481374148    
  0.7502500000000001      0.0027008579630189433    
  0.7507000000000001      0.0027038364227409684    
  0.7511500000000001      0.0027068168602693704    
  0.7516      0.002709799275329966    
  0.7520500000000001      0.0027127836676470174    
  0.7525000000000001      0.0027157700369413174    
  0.7529500000000001      0.002718758382931355    
  0.7534000000000001      0.002721748705332802    
  0.7538500000000001      0.002724741003859346    
  0.7543000000000001      0.0027277352782213438    
  0.75475      0.0027307315281268063    
  0.7552000000000001      0.002733729753281275    
  0.7556500000000002      0.002736729953387085    
  0.7561000000000001      0.0027397321281449477    
  0.7565500000000001      0.0027427362772522307    
  0.7570000000000001      0.0027457424004038167    
  0.7574500000000001      0.002748750497291938    
  0.7579000000000001      0.002751760567606648    
  0.7583500000000001      0.0027547726110342674    
  0.7588000000000001      0.00275778662726002    
  0.7592500000000001      0.002760802615965674    
  0.7597      0.0027638205768302226    
  0.7601500000000001      0.0027668405095302023    
  0.7606      0.0027698624137398598    
  0.7610500000000001      0.0027728862891303885    
  0.7615000000000001      0.0027759121353705674    
  0.7619500000000001      0.0027789399521267327    
  0.7624000000000001      0.0027819697390618903    
  0.76285      0.0027850014958377967    
  0.7633000000000001      0.002788035222111726    
  0.7637500000000002      0.0027910709175400644    
  0.7642000000000001      0.0027941085817753397    
  0.76465      0.0027971482144687337    
  0.7651000000000001      0.0028001898152670013    
  0.7655500000000001      0.002803233383816439    
  0.7660000000000001      0.0028062789197587507    
  0.7664500000000001      0.0028093264227344594    
  0.7669000000000001      0.002812375892380564    
  0.7673500000000001      0.0028154273283317877    
  0.7678      0.0028184807302203685    
  0.7682500000000001      0.0028215360976755477    
  0.7687000000000002      0.0028245934303245956    
  0.7691500000000001      0.0028276527277913827    
  0.7696000000000001      0.0028307139896974476    
  0.7700500000000001      0.002833777215662206    
  0.7705000000000001      0.0028368424053015207    
  0.7709500000000001      0.002839909558229589    
  0.7714000000000001      0.0028429786740572782    
  0.7718500000000001      0.0028460497523932343    
  0.7723000000000001      0.0028491227928430923    
  0.77275      0.002852197795010711    
  0.7732000000000001      0.0028552747584959376    
  0.7736500000000001      0.0028583536828976214    
  0.7741000000000001      0.0028614345678106834    
  0.7745500000000001      0.0028645174128280187    
  0.7750000000000001      0.002867602217539858    
  0.7754500000000001      0.0028706889815338366    
  0.7759      0.002873777704394731    
  0.7763500000000001      0.00287686838570482    
  0.7768000000000002      0.0028799610250441476    
  0.7772500000000001      0.002883055621989372    
  0.7777000000000001      0.0028861521761154862    
  0.7781500000000001      0.0028892506869938744    
  0.7786000000000001      0.0028923511541939784    
  0.7790500000000001      0.0028954535772822004    
  0.7795000000000001      0.002898557955822681    
  0.7799500000000001      0.0029016642893770622    
  0.7804000000000001      0.002904772577503739    
  0.78085      0.002907882819759025    
  0.7813000000000001      0.0029109950156961384    
  0.7817500000000001      0.0029141091648668127    
  0.7822000000000001      0.0029172252668182297    
  0.7826500000000001      0.002920343321096794    
  0.7831000000000001      0.0029234633272452043    
  0.7835500000000001      0.002926585284804467    
  0.784      0.0029297091933120634    
  0.7844500000000001      0.0029328350523030317    
  0.7849000000000002      0.0029359628613099126    
  0.7853500000000001      0.002939092619863151    
  0.7858      0.0029422243274898063    
  0.7862500000000001      0.0029453579837147442    
  0.7867000000000001      0.0029484935880598334    
  0.7871500000000001      0.0029516311400448053    
  0.7876000000000001      0.0029547706391866713    
  0.7880500000000001      0.0029579120849995977    
  0.7885000000000001      0.0029610554769953085    
  0.78895      0.002964200814682641    
  0.7894000000000001      0.002967348097568573    
  0.7898500000000002      0.002970497325156349    
  0.7903000000000001      0.0029736484969473814    
  0.7907500000000001      0.0029768016124408353    
  0.7912      0.002979956671131878    
  0.79165      0.002983113672514276    
  0.7921      0.0029862726160791164    
  0.79255      0.0029894335013140455    
  0.793      0.002992596327705016    
  0.79345      0.002995761094734581    
  0.7939      0.0029989278018835025    
  0.79435      0.00300209644862931    
  0.7948000000000001      0.003005267034446729    
  0.79525      0.003008439558809195    
  0.7957      0.003011614021186007    
  0.79615      0.0030147904210445775    
  0.7966      0.003017968757849529    
  0.79705      0.0030211490310628752    
  0.7975      0.003024331240144451    
  0.79795      0.00302751538455083    
  0.7984      0.0030307014637361435    
  0.7988500000000001      0.003033889477152482    
  0.7993      0.003037079424248801    
  0.79975      0.0030402713044709734    
  0.8002      0.0030434651172637356    
  0.80065      0.003046660862067563    
  0.8011      0.003049858538321751    
  0.80155      0.0030530581454617234    
  0.802      0.0030562596829213917    
  0.80245      0.0030594631501313363    
  0.8029000000000001      0.0030626685465200143    
  0.80335      0.003065875871512816    
  0.8038000000000001      0.003069085124532925    
  0.80425      0.003072296305000735    
  0.8047      0.003075509412334032    
  0.80515      0.0030787244459480473    
  0.8056      0.003081941405255334    
  0.80605      0.0030851602896662805    
  0.8065      0.0030883810985879445    
  0.8069500000000001      0.003091603831425385    
  0.8074      0.0030948284875810805    
  0.8078500000000001      0.003098055066454039    
  0.8083      0.0031012835674419786    
  0.80875      0.003104513989938981    
  0.8092      0.003107746333337158    
  0.80965      0.0031109805970257337    
  0.8101      0.003114216780391227    
  0.81055      0.0031174548828178383    
  0.811      0.0031206949036874237    
  0.81145      0.003123936842377925    
  0.8119000000000001      0.003127180698266868    
  0.81235      0.003130426470727282    
  0.8128      0.0031336741591304756    
  0.81325      0.0031369237628450786    
  0.8137      0.003140175281237001    
  0.81415      0.003143428713669752    
  0.8146      0.0031466840595039125    
  0.81505      0.0031499413180979124    
  0.8155      0.0031532004888073367    
  0.8159500000000001      0.0031564615709855776    
  0.8164      0.003159724563982197    
  0.81685      0.003162989467145952    
  0.8173      0.0031662562798217275    
  0.81775      0.003169525001352397    
  0.8182      0.0031727956310783206    
  0.81865      0.0031760681683363906    
  0.8191      0.0031793426124626517    
  0.81955      0.0031826189627885138    
  0.8200000000000001      0.003185897218644332    
  0.82045      0.003189177379357394    
  0.8209      0.003192459444251977    
  0.82135      0.00319574341265072    
  0.8218      0.003199029283872723    
  0.82225      0.0032023170572352128    
  0.8227      0.0032056067320526405    
  0.82315      0.0032088983076365846    
  0.8236      0.0032121917832965557    
  0.8240500000000001      0.003215487158338942    
  0.8245      0.0032187844320683    
  0.8249500000000001      0.003222083603785897    
  0.8254      0.0032253846727903906    
  0.82585      0.0032286876383791074    
  0.8263      0.003231992499844752    
  0.82675      0.0032352992564792793    
  0.8272      0.003238607907571439    
  0.82765      0.0032419184524076217    
  0.8281000000000001      0.0032452308902706922    
  0.82855      0.0032485452204423365    
  0.829      0.0032518614422007153    
  0.82945      0.003255179554821616    
  0.8299      0.0032584995575788006    
  0.83035      0.003261821449742741    
  0.8308      0.0032651452305821616    
  0.83125      0.0032684708993620665    
  0.8317      0.0032717984553461282    
  0.8321500000000001      0.0032751278977948828    
  0.8326      0.003278459225966146    
  0.8330500000000001      0.003281792439115541    
  0.8335      0.0032851275364959714    
  0.83395      0.0032884645173580085    
  0.8344      0.0032918033809491015    
  0.83485      0.003295144126515062    
  0.8353      0.0032984867532980383    
  0.83575      0.0033018312605385958    
  0.8362      0.0033051776474742056    
  0.83665      0.0033085259133403683    
  0.8371000000000001      0.003311876057369198    
  0.83755      0.0033152280787911853    
  0.838      0.0033185819768332125    
  0.83845      0.0033219377507209408    
  0.8389      0.003325295399676395    
  0.83935      0.0033286549229191303    
  0.8398      0.003332016319667286    
  0.84025      0.0033353795891349347    
  0.8407      0.0033387447305347345    
  0.8411500000000001      0.0033421117430762065    
  0.8416      0.0033454806259672065    
  0.84205      0.0033488513784117463    
  0.8425      0.00335222399961195    
  0.84295      0.00335559848876793    
  0.8434      0.0033589748450761486    
  0.84385      0.0033623530677320546    
  0.8443      0.003365733155926795    
  0.84475      0.0033691151088504345    
  0.8452000000000001      0.003372498925689929    
  0.84565      0.003375884605629667    
  0.8461000000000001      0.003379272147851581    
  0.84655      0.0033826615515351738    
  0.847      0.003386052815857493    
  0.84745      0.003389445939992755    
  0.8479      0.0033928409231129275    
  0.84835      0.0033962377643876884    
  0.8488      0.0033996364629831494    
  0.8492500000000001      0.0034030370180647695    
  0.8497      0.0034064394287935257    
  0.85015      0.00340984369432909    
  0.8506      0.0034132498138282896    
  0.85105      0.0034166577864457315    
  0.8515      0.0034200676113327194    
  0.85195      0.0034234792876388365    
  0.8524      0.003426892814510918    
  0.85285      0.003430308191093398    
  0.8533000000000001      0.003433725416527908    
  0.85375      0.0034371444899539833    
  0.8542000000000001      0.0034405654105079536    
  0.85465      0.0034439881773249276    
  0.8551      0.0034474127895361556    
  0.85555      0.003450839246271417    
  0.856      0.0034542675466573275    
  0.85645      0.0034576976898182954    
  0.8569      0.003461129674876426    
  0.8573500000000001      0.003464563500950618    
  0.8578      0.003467999167157995    
  0.8582500000000001      0.0034714366726132234    
  0.8587      0.003474876016427847    
  0.8591500000000001      0.003478317197712036    
  0.8596      0.0034817602155716443    
  0.86005      0.003485205069112235    
  0.8605      0.0034886517574351655    
  0.86095      0.0034921002796406836    
  0.8614      0.003495550634824887    
  0.86185      0.003499002822083472    
  0.8623000000000001      0.003502456840508039    
  0.86275      0.003505912689187582    
  0.8632      0.0035093703672106624    
  0.86365      0.0035128298736607083    
  0.8641      0.0035162912076206476    
  0.86455      0.0035197543681704385    
  0.865      0.003523219354387014    
  0.86545      0.003526686165345738    
  0.8659      0.003530154800118715    
  0.8663500000000001      0.003533625257775466    
  0.8668      0.0035370975373838903    
  0.8672500000000001      0.0035405716380096652    
  0.8677      0.003544047558714042    
  0.86815      0.003547525298558424    
  0.8686      0.0035510048565999403    
  0.86905      0.0035544862318934445    
  0.8695      0.00355796942349261    
  0.86995      0.003561454430447572    
  0.8704000000000001      0.00356494125180519    
  0.87085      0.0035684298866125314    
  0.8713      0.0035719203339112937    
  0.87175      0.0035754125927430214    
  0.8722      0.0035789066621453036    
  0.87265      0.003582402541153884    
  0.8731      0.003585900228802341    
  0.87355      0.0035893997241210063    
  0.874      0.0035929010261386563    
  0.8744500000000001      0.0035964041338812786    
  0.8749      0.0035999090463728067    
  0.8753500000000001      0.003603415762633594    
  0.8758      0.0036069242816824526    
  0.87625      0.003610434602536336    
  0.8767      0.0036139467242086998    
  0.87715      0.0036174606457108766    
  0.8776      0.0036209763660518535    
  0.87805      0.003624493884238758    
  0.8785000000000001      0.003628013199274971    
  0.87895      0.0036315343101633174    
  0.8794000000000001      0.0036350572159020433    
  0.87985      0.003638581915488992    
  0.8803000000000001      0.0036421084079183985    
  0.88075      0.0036456366921820693    
  0.8812      0.0036491667672704786    
  0.88165      0.003652698632170423    
  0.8821      0.003656232285867325    
  0.8825500000000001      0.0036597677273430274    
  0.883      0.0036633049555785946    
  0.8834500000000001      0.0036668439695510813    
  0.8839      0.0036703847682360152    
  0.88435      0.0036739273506063153    
  0.8848      0.003677471715632971    
  0.88525      0.003681017862283753    
  0.8857      0.003684565789524835    
  0.88615      0.0036881154963191443    
  0.8866      0.003691666981628164    
  0.88705      0.00369522024441038    
  0.8875000000000001      0.003698775283622488    
  0.88795      0.0037023320982176866    
  0.8884000000000001      0.0037058906871479808    
  0.88885      0.003709451049362461    
  0.8893      0.0037130131838080532    
  0.88975      0.003716577089428838    
  0.8902      0.0037201427651671337    
  0.89065      0.0037237102099627745    
  0.8911      0.00372727942275293    
  0.8915500000000001      0.0037308504024727296    
  0.892      0.0037344231480544443    
  0.89245      0.0037379976584281382    
  0.8929      0.003741573932522946    
  0.89335      0.00374515196926313    
  0.8938      0.0037487317675725385    
  0.89425      0.003752313326371562    
  0.8947      0.0037558966445792596    
  0.89515      0.0037594817211116377    
  0.8956000000000001      0.003763068554882301    
  0.89605      0.003766657144802718    
  0.8965000000000001      0.0037702474897819416    
  0.89695      0.003773839588727429    
  0.8974      0.003777433440542849    
  0.89785      0.003781029044130871    
  0.8983      0.003784626398391222    
  0.89875      0.0037882255022211875    
  0.8992      0.003791826354515873    
  0.8996500000000001      0.0037954289541682895    
  0.9001      0.0037990333000687965    
  0.9005500000000001      0.003802639391105672    
  0.901      0.00380624722616503    
  0.9014500000000001      0.0038098568041299435    
  0.9019      0.003813468123881489    
  0.90235      0.003817081184299659    
  0.9028      0.003820695984259881    
  0.90325      0.0038243125226371244    
  0.9037000000000001      0.0038279307983030836    
  0.90415      0.0038315508101272877    
  0.9046000000000001      0.0038351725569774897    
  0.90505      0.0038387960377187086    
  0.9055      0.003842421251213632    
  0.90595      0.0038460481963229903    
  0.9064      0.0038496768719048224    
  0.90685      0.003853307276814641    
  0.9073      0.0038569394099066956    
  0.9077500000000001      0.0038605732700325163    
  0.9082      0.003864208856039733    
  0.9086500000000001      0.003867846166777142    
  0.9091      0.003871485201087474    
  0.9095500000000001      0.003875125957814085    
  0.91      0.0038787684357963342    
  0.91045      0.003882412633872123    
  0.9109      0.003886058550876592    
  0.91135      0.003889706185643438    
  0.9118      0.0038933555370029294    
  0.91225      0.0038970066037836565    
  0.9127000000000001      0.003900659384812183    
  0.91315      0.003904313878912602    
  0.9136      0.003907970084907106    
  0.91405      0.003911628001614265    
  0.9145      0.00391528762785226    
  0.91495      0.0039189489624358725    
  0.9154      0.003922612004177914    
  0.91585      0.003926276751888738    
  0.9163      0.003929943204376701    
  0.9167500000000001      0.003933611360448452    
  0.9172      0.003937281218907129    
  0.9176500000000001      0.0039409527785548015    
  0.9181      0.00394462603819043    
  0.91855      0.00394830099661167    
  0.919      0.003951977652612862    
  0.91945      0.003955656004987124    
  0.9199      0.003959336052524853    
  0.92035      0.003963017794014034    
  0.9208000000000001      0.003966701228240596    
  0.92125      0.003970386353989164    
  0.9217      0.003974073170040129    
  0.92215      0.003977761675173691    
  0.9226000000000001      0.003981451868166938    
  0.92305      0.0039851437477946006    
  0.9235      0.0039888373128294935    
  0.92395      0.003992532562041795    
  0.9244      0.00399622949420031    
  0.9248500000000001      0.003999928108071357    
  0.9253      0.0040036284024182744    
  0.9257500000000001      0.004007330376003496    
  0.9262      0.004011034027585944    
  0.92665      0.004014739355923641    
  0.9271      0.00401844635977093    
  0.92755      0.004022155037881711    
  0.928      0.004025865389006025    
  0.92845      0.0040295774118934286    
  0.9289000000000001      0.004033291105289591    
  0.92935      0.004037006467938836    
  0.9298      0.004040723498584045    
  0.93025      0.004044442195964323    
  0.9307000000000001      0.004048162558817778    
  0.93115      0.004051884585880336    
  0.9316      0.0040556082758850115    
  0.93205      0.004059333627563375    
  0.9325      0.004063060639644622    
  0.9329500000000001      0.004066789310855454    
  0.9334      0.0040705196399210275    
  0.9338500000000001      0.0040742516255638656    
  0.9343      0.004077985266504908    
  0.93475      0.0040817205614620405    
  0.9352      0.0040854575091521655    
  0.9356500000000001      0.004089196108288784    
  0.9361      0.004092936357584162    
  0.93655      0.004096678255748165    
  0.937      0.004100421801488327    
  0.93745      0.0041041669935108355    
  0.9379000000000001      0.004107913830518756    
  0.93835      0.00411166231121371    
  0.9388000000000001      0.004115412434294502    
  0.93925      0.0041191641984587996    
  0.9397      0.004122917602401188    
  0.94015      0.004126672644814963    
  0.9406      0.00413042932439088    
  0.94105      0.00413418763981753    
  0.9415      0.0041379475897811435    
  0.9419500000000001      0.004141709172967037    
  0.9424      0.0041454723880568894    
  0.94285      0.00414923723373134    
  0.9433      0.004153003708668487    
  0.9437500000000001      0.004156771811544724    
  0.9442      0.004160541541033569    
  0.94465      0.004164312895807654    
  0.9451      0.004168085874536279    
  0.94555      0.004171860475887093    
  0.9460000000000001      0.004175636698526788    
  0.94645      0.004179414541118073    
  0.9469000000000001      0.004183194002323198    
  0.94735      0.004186975080800917    
  0.9478      0.004190757775209539    
  0.94825      0.004194542084203459    
  0.9487      0.004198328006436866    
  0.94915      0.004202115540560825    
  0.9496      0.0042059046852245124    
  0.9500500000000001      0.004209695439074748    
  0.9505      0.004213487800757185    
  0.95095      0.0042172817689146574    
  0.9514      0.004221077342188184    
  0.9518500000000001      0.004224874519216812    
  0.9523      0.004228673298637228    
  0.95275      0.004232473679085094    
  0.9532      0.004236275659192407    
  0.95365      0.004240079237590913    
  0.9541000000000001      0.004243884412908822    
  0.95455      0.004247691183773078    
  0.9550000000000001      0.004251499548808532    
  0.95545      0.004255309506638341    
  0.9559      0.004259121055882553    
  0.95635      0.004262934195160509    
  0.9568000000000001      0.0042667489230890365    
  0.95725      0.004270565238282162    
  0.9577      0.004274383139353341    
  0.9581500000000001      0.004278202624913088    
  0.9586      0.004282023693570322    
  0.9590500000000001      0.004285846343931601    
  0.9595      0.004289670574601986    
  0.9599500000000001      0.004293496384183762    
  0.9604      0.004297323771278297    
  0.96085      0.0043011527344839345    
  0.9613      0.004304983272397894    
  0.96175      0.004308815383615272    
  0.9622      0.004312649066728083    
  0.96265      0.0043164843203282455    
  0.9631000000000001      0.00432032114300393    
  0.96355      0.0043241595333430305    
  0.964      0.004327999489929693    
  0.96445      0.004331841011347509    
  0.9649000000000001      0.0043356840961776555    
  0.96535      0.0043395287429994905    
  0.9658      0.004343374950389098    
  0.96625      0.00434722271692313    
  0.9667      0.004351072041174547    
  0.9671500000000001      0.004354922921714216    
  0.9676      0.0043587753571122795    
  0.9680500000000001      0.004362629345935995    
  0.9685      0.004366484886751315    
  0.96895      0.004370341978121611    
  0.9694      0.004374200618608937    
  0.96985      0.004378060806772721    
  0.9703      0.004381922541171007    
  0.97075      0.004385785820360033    
  0.9712000000000001      0.004389650642893997    
  0.97165      0.004393517007324418    
  0.9721      0.004397384912202498    
  0.97255      0.004401254356076065    
  0.9730000000000001      0.0044051253374918775    
  0.97345      0.0044089978549944064    
  0.9739      0.004412871907126581    
  0.97435      0.004416747492428985    
  0.9748      0.004420624609440607    
  0.9752500000000001      0.004424503256698298    
  0.9757      0.004428383432737909    
  0.9761500000000001      0.004432265136092156    
  0.9766      0.00443614836529245    
  0.97705      0.004440033118868564    
  0.9775      0.004443919395347884    
  0.9779500000000001      0.0044478071932573665    
  0.9784      0.004451696511119638    
  0.97885      0.004455587347457185    
  0.9793000000000001      0.004459479700790303    
  0.97975      0.004463373569637968    
  0.9802000000000001      0.004467268952515979    
  0.98065      0.00447116584793944    
  0.9811000000000001      0.004475064254420874    
  0.98155      0.0044789641704718886    
  0.982      0.004482865594600954    
  0.98245      0.00448676852531657    
  0.9829      0.004490672961123071    
  0.9833500000000001      0.004494578900525181    
  0.9838      0.004498486342024016    
  0.9842500000000001      0.004502395284119637    
  0.9847      0.004506305725311327    
  0.98515      0.004510217664094485    
  0.9856      0.004514131098964674    
  0.9860500000000001      0.004518046028413603    
  0.9865      0.0045219624509332534    
  0.98695      0.004525880365012724    
  0.9874      0.004529799769139087    
  0.98785      0.004533720661798052    
  0.9883000000000001      0.004537643041474332    
  0.98875      0.00454156690664867    
  0.9892000000000001      0.004545492255802558    
  0.98965      0.004549419087413881    
  0.9901      0.004553347399959579    
  0.99055      0.0045572771919142885    
  0.991      0.00456120846175212    
  0.99145      0.004565141207943546    
  0.9919      0.004569075428959013    
  0.9923500000000001      0.004573011123265913    
  0.9928      0.004576948289330807    
  0.99325      0.004580886925617478    
  0.9937      0.0045848270305896555    
  0.9941500000000001      0.004588768602707599    
  0.9946      0.004592711640430347    
  0.99505      0.004596656142215799    
  0.9955      0.004600602106519441    
  0.99595      0.004604549531795177    
  0.9964000000000001      0.004608498416495604    
  0.99685      0.004612448759071269    
  0.9973000000000001      0.004616400557970329    
  0.99775      0.004620353811640637    
  0.9982      0.00462430851852727    
  0.99865      0.004628264677074334    
  0.9991000000000001      0.004632222285722742    
  0.99955      0.004636181342913548    
  1.      0.00464014184708561   
