  0.10045000000000001      0.017611656765300843    
  0.1009      0.01769332806768831    
  0.10135000000000001      0.017775036497911807    
  0.1018      0.0178567822200178    
  0.10225000000000001      0.01793856539803248    
  0.1027      0.01802038619596091    
  0.10315      0.018102244777787206    
  0.10360000000000001      0.01818414130747383    
  0.10405      0.01826607594896233    
  0.10450000000000001      0.018348048866172858    
  0.10495      0.018430060223004478    
  0.10540000000000001      0.018512110183334575    
  0.10585      0.018594198911017955    
  0.1063      0.018676326569889164    
  0.10675000000000001      0.018758493323760363    
  0.1072      0.018840699336420918    
  0.10765000000000001      0.018922944771639364    
  0.1081      0.019005229793162288    
  0.10855000000000001      0.01908755456471189    
  0.10900000000000001      0.01916991924999063    
  0.10945      0.01925232401267677    
  0.10990000000000001      0.019334769016427035    
  0.11035      0.019417254424875314    
  0.11080000000000001      0.019499780401632427    
  0.11125      0.019582347110285753    
  0.11170000000000001      0.019664954714401585    
  0.11215      0.019747603377521482    
  0.1126      0.019830293263164694    
  0.11305000000000001      0.01991302453482727    
  0.1135      0.019995797355980813    
  0.11395000000000001      0.02007861189007501    
  0.1144      0.020161468300534648    
  0.11485000000000001      0.02024436675076188    
  0.11530000000000001      0.020327307404134336    
  0.11575      0.02041029042400657    
  0.11620000000000001      0.02049331597370845    
  0.11665      0.020576384216546548    
  0.11710000000000001      0.020659495315802374    
  0.11755000000000002      0.020742649434733206    
  0.11800000000000001      0.020825846736573304    
  0.11845      0.020909087384531108    
  0.1189      0.020992371541790854    
  0.11935000000000001      0.02107569937151218    
  0.1198      0.02115907103682947    
  0.12025000000000001      0.02124248670085298    
  0.1207      0.021325946526667743    
  0.12115000000000001      0.02140945067733379    
  0.12160000000000001      0.021492999315885438    
  0.12205      0.02157659260533186    
  0.12250000000000001      0.02166023070865743    
  0.12295      0.021743913788820478    
  0.12340000000000001      0.021827642008754297    
  0.12385000000000002      0.021911415531364824    
  0.12430000000000001      0.02199523451953467    
  0.12475      0.02207909913611839    
  0.1252      0.022163009543945997    
  0.12565      0.022246965905820336    
  0.12610000000000002      0.022330968384518667    
  0.12655      0.02241501714279184    
  0.127      0.022499112343363062    
  0.12745      0.02258325414893157    
  0.1279      0.022667442722167645    
  0.12835000000000002      0.022751678225715458    
  0.1288      0.022835960822193024    
  0.12925      0.022920290674190436    
  0.1297      0.023004667944271324    
  0.13015000000000002      0.023089092794971157    
  0.1306      0.02317356538880016    
  0.13105      0.023258085888239084    
  0.1315      0.023342654455742382    
  0.13195      0.023427271253736354    
  0.13240000000000002      0.0235119364446199    
  0.13285000000000002      0.023596650190764224    
  0.1333      0.02368141265451184    
  0.13375      0.02376622399817865    
  0.1342      0.02385108438405044    
  0.13465      0.023935993974387625    
  0.1351      0.024020952931419055    
  0.13555      0.024105961417346576    
  0.136      0.024191019594344762    
  0.13645000000000002      0.024276127624557626    
  0.13690000000000002      0.024361285670101086    
  0.13735      0.02444649389306242    
  0.1378      0.024531752455499628    
  0.13825      0.024617061519441798    
  0.13870000000000002      0.024702421246888796    
  0.13915      0.02478783179981045    
  0.1396      0.024873293340148633    
  0.14005      0.024958806029815095    
  0.1405      0.025044370030691224    
  0.14095000000000002      0.02512998550462954    
  0.14140000000000003      0.025215652613452363    
  0.14185      0.02530137151895231    
  0.1423      0.02538714238289164    
  0.14275000000000002      0.025472965367002453    
  0.1432      0.025558840632986336    
  0.14365      0.02564476834251612    
  0.1441      0.025730748657231812    
  0.14455      0.025816781738744358    
  0.14500000000000002      0.025902867748633134    
  0.14545000000000002      0.025989006848447096    
  0.1459      0.02607519919970484    
  0.14635      0.0261614449638931    
  0.1468      0.026247744302467492    
  0.14725000000000002      0.026334097376852602    
  0.1477      0.02642050434844223    
  0.14815      0.02650696537859719    
  0.1486      0.026593480628648768    
  0.14905000000000002      0.02668005025989441    
  0.14950000000000002      0.026766674433600934    
  0.14995      0.026853353311003716    
  0.1504      0.026940087053305597    
  0.15085      0.027026875821675848    
  0.15130000000000002      0.027113719777254144    
  0.15175      0.027200619081146557    
  0.1522      0.02728757389442496    
  0.15265      0.027374584378131884    
  0.1531      0.027461650693275393    
  0.15355000000000002      0.02754877300082942    
  0.15400000000000003      0.027635951461738736    
  0.15445      0.027723186236912487    
  0.1549      0.027810477487224733    
  0.15535000000000002      0.02789782537352153    
  0.1558      0.02798523005661129    
  0.15625      0.02807269169726962    
  0.1567      0.02816021045624044    
  0.15715      0.028247786494232367    
  0.15760000000000002      0.02833541997192003    
  0.15805000000000002      0.028423111049946624    
  0.1585      0.028510859888916995    
  0.15895      0.02859866664940525    
  0.15940000000000001      0.028686531491950707    
  0.15985000000000002      0.02877445457705728    
  0.1603      0.02886243606519514    
  0.16075      0.02895047611679907    
  0.1612      0.029038574892271584    
  0.16165000000000002      0.029126732551976377    
  0.16210000000000002      0.029214949256245324    
  0.16255000000000003      0.029303225165373904    
  0.163      0.02939156043962412    
  0.16345      0.0294799552392196    
  0.16390000000000002      0.029568409724351406    
  0.16435      0.029656924055173322    
  0.1648      0.029745498391805642    
  0.16525      0.0298341328943297    
  0.16570000000000001      0.029922827722794088    
  0.16615000000000002      0.03001158303720998    
  0.16660000000000003      0.0301003989975517    
  0.16705000000000003      0.030189275763759283    
  0.1675      0.030278213495735368    
  0.16795000000000002      0.030367212353345992    
  0.1684      0.03045627249642007    
  0.16885      0.030545394084753173    
  0.1693      0.030634577278098745    
  0.16975      0.03072382223617775    
  0.17020000000000002      0.03081312911867281    
  0.17065000000000002      0.030902498085228516    
  0.17110000000000003      0.03099192929545323    
  0.17155      0.031081422908918018    
  0.17200000000000001      0.031170979085155287    
  0.17245      0.03126059798366085    
  0.1729      0.03135027976389386    
  0.17335      0.03144002458527238    
  0.1738      0.031529832607180265    
  0.17425000000000002      0.031619703988961315    
  0.17470000000000002      0.031709638889921316    
  0.17515000000000003      0.03179963746932736    
  0.1756      0.031889699886409655    
  0.17605      0.03197982630035807    
  0.17650000000000002      0.032070016870325416    
  0.17695      0.03216027175542419    
  0.1774      0.03225059111472941    
  0.17785      0.03234097510727602    
  0.17830000000000001      0.03243142389206091    
  0.17875000000000002      0.0325219376280417    
  0.17920000000000003      0.032612516474134656    
  0.17965000000000003      0.032703160589218815    
  0.1801      0.032793870132132384    
  0.18055000000000002      0.0328846452616745    
  0.181      0.032975486136604545    
  0.18145      0.03306639291564122    
  0.1819      0.03315736575746446    
  0.18235      0.033248404820712285    
  0.18280000000000002      0.03333951026398326    
  0.18325000000000002      0.03343068224583623    
  0.18370000000000003      0.03352192092478768    
  0.18415      0.033613226459316435    
  0.18460000000000001      0.03370459900785593    
  0.18505000000000002      0.033796038728803914    
  0.1855      0.033887545780512764    
  0.18595      0.033979120321297435    
  0.1864      0.034070762509427775    
  0.18685000000000002      0.03416247250313515    
  0.18730000000000002      0.0342542504606079    
  0.18775000000000003      0.034346096539993265    
  0.18820000000000003      0.03443801089939722    
  0.18865      0.03452999369688281    
  0.18910000000000002      0.03462204509047261    
  0.18955      0.0347141652381451    
  0.19      0.034806354297837204    
  0.19045      0.03489861242744448    
  0.19090000000000001      0.034990939784818535    
  0.19135000000000002      0.03508333652776999    
  0.19180000000000003      0.035175802814065696    
  0.19225000000000003      0.03526833880142932    
  0.1927      0.03536094464754203    
  0.19315000000000002      0.03545362051004201    
  0.1936      0.03554636654652411    
  0.19405      0.035639182914538964    
  0.1945      0.03573206977159662    
  0.19495      0.03582502727515867    
  0.19540000000000002      0.03591805558264842    
  0.19585000000000002      0.03601115485144061    
  0.19630000000000003      0.036104325238869514    
  0.19675      0.03619756690222329    
  0.19720000000000001      0.03629087999874676    
  0.19765000000000002      0.03638426468563913    
  0.1981      0.03647772112005658    
  0.19855      0.036571249459111374    
  0.199      0.03666484985986805    
  0.19945000000000002      0.03675852247934887    
  0.19990000000000002      0.036852267474531346    
  0.20035000000000003      0.03694608500234549    
  0.20080000000000003      0.0370399752196788    
  0.20125      0.03713393828337178    
  0.20170000000000002      0.03722797435021819    
  0.20215      0.0373220835769709    
  0.2026      0.037416266120331956    
  0.20305      0.037510522136960295    
  0.20350000000000001      0.03760485178346768    
  0.20395000000000002      0.03769925521642122    
  0.20440000000000003      0.03779373259233992    
  0.20485000000000003      0.037888284067697516    
  0.2053      0.03798290979892172    
  0.20575000000000002      0.038077609942393266    
  0.20620000000000002      0.03817238465444343    
  0.20665      0.03826723409136286    
  0.2071      0.038362158409387816    
  0.20755      0.03845715776471381    
  0.20800000000000002      0.03855223231348485    
  0.20845000000000002      0.0386473822118    
  0.20890000000000003      0.03874260761570854    
  0.20935000000000004      0.03883790868121521    
  0.20980000000000001      0.038933285564273466    
  0.21025000000000002      0.03902873842079224    
  0.2107      0.03912426740662968    
  0.21115      0.0392198726775974    
  0.2116      0.039315554389457164    
  0.21205000000000002      0.03941131269792577    
  0.21250000000000002      0.03950714775866712    
  0.21295000000000003      0.03960305972729884    
  0.21340000000000003      0.03969904875939078    
  0.21385      0.03979511501046097    
  0.21430000000000002      0.039891258635979775    
  0.21475      0.039987479791369025    
  0.2152      0.04008377863200044    
  0.21565      0.04018015531319753    
  0.21610000000000001      0.04027660999023256    
  0.21655000000000002      0.04037314281832731    
  0.21700000000000003      0.04046975395265671    
  0.21745000000000003      0.04056644354834421    
  0.2179      0.040663211760462566    
  0.21835000000000002      0.04076005874403525    
  0.21880000000000002      0.04085698465403378    
  0.21925      0.04095398964538208    
  0.2197      0.0410510738729507    
  0.22015      0.04114823749155954    
  0.22060000000000002      0.04124548065598063    
  0.22105000000000002      0.041342803520930525    
  0.22150000000000003      0.041440206241078484    
  0.22195000000000004      0.04153768897104026    
  0.22240000000000001      0.04163525186538113    
  0.22285000000000002      0.041732895078614954    
  0.2233      0.04183061876520189    
  0.22375      0.04192842307955281    
  0.2242      0.042026308176025234    
  0.22465000000000002      0.04212427420892649    
  0.22510000000000002      0.042222321332508    
  0.22555000000000003      0.04232044970097121    
  0.226      0.04241865946846749    
  0.22645      0.042516950789090326    
  0.22690000000000002      0.0426153238168827    
  0.22735000000000002      0.042713778705837285    
  0.22780000000000003      0.04281231560988894    
  0.22825      0.04291093468292387    
  0.22870000000000001      0.04300963607877251    
  0.22915000000000002      0.04310841995121158    
  0.22960000000000003      0.0432072864539667    
  0.23005      0.04330623574070603    
  0.2305      0.04340526796504675    
  0.23095000000000002      0.043504383280550694    
  0.23140000000000002      0.043603581840727365    
  0.23185000000000003      0.04370286379902996    
  0.2323      0.04380222930885744    
  0.23275      0.04390167852355618    
  0.23320000000000002      0.04400121159641523    
  0.23365000000000002      0.04410082868067065    
  0.23410000000000003      0.04420052992950423    
  0.23455      0.044300315496039425    
  0.23500000000000001      0.04440018553334908    
  0.23545000000000002      0.044500140194445204    
  0.23590000000000003      0.044600179632289995    
  0.23635      0.04470030399978498    
  0.2368      0.04480051344978076    
  0.23725000000000002      0.044900808135068325    
  0.23770000000000002      0.04500118820838373    
  0.23815000000000003      0.04510165382240636    
  0.2386      0.04520220512976089    
  0.23905      0.04530284228301467    
  0.23950000000000002      0.04540356543467718    
  0.23995000000000002      0.04550437473720299    
  0.24040000000000003      0.04560527034298985    
  0.24085      0.04570625240437675    
  0.24130000000000001      0.045807321073646316    
  0.24175000000000002      0.04590847650302494    
  0.24220000000000003      0.04600971884468    
  0.24265000000000003      0.04611104825072293    
  0.2431      0.046212464873204434    
  0.24355000000000002      0.046313968864122666    
  0.24400000000000002      0.04641556037541211    
  0.24445000000000003      0.04651723955895237    
  0.2449      0.0466190065665642    
  0.24535      0.046720861550009936    
  0.24580000000000002      0.046822804660991965    
  0.24625000000000002      0.04692483605115657    
  0.24670000000000003      0.04702695587208892    
  0.24715      0.04712916427531626    
  0.24760000000000001      0.04723146141230616    
  0.24805000000000002      0.04733384743446867    
  0.24850000000000003      0.047436322493151224    
  0.24895000000000003      0.047538886739644695    
  0.2494      0.04764154032517804    
  0.24985000000000002      0.04774428340092249    
  0.2503      0.04784711611798852    
  0.25075000000000003      0.0479500386274245    
  0.2512      0.048053051080221884    
  0.25165000000000004      0.04815615362730862    
  0.2521      0.048259346419554996    
  0.25255000000000005      0.048362629607768215    
  0.253      0.04846600334269542    
  0.25345      0.04856946777502367    
  0.2539      0.04867302305537715    
  0.25435      0.048776669334320996    
  0.2548      0.048880406762356464    
  0.25525000000000003      0.048984235489924755    
  0.25570000000000004      0.049088155667405875    
  0.25615      0.04919216744511586    
  0.25660000000000005      0.04929627097331193    
  0.25705      0.049400466402186316    
  0.2575      0.0495047538818691    
  0.25795      0.049609133562430165    
  0.2584      0.049713605593874416    
  0.25885      0.04981817012614519    
  0.25930000000000003      0.049922827309123424    
  0.25975000000000004      0.05002757729262617    
  0.2602      0.05013242022640735    
  0.26065000000000005      0.05023735626015752    
  0.2611      0.050342385543504294    
  0.26155000000000006      0.050447508226012426    
  0.262      0.0505527244571815    
  0.26245      0.050658034386445464    
  0.2629      0.05076343816317871    
  0.26335000000000003      0.05086893593668872    
  0.26380000000000003      0.05097452785621966    
  0.26425      0.05108021407094902    
  0.26470000000000005      0.05118599472999155    
  0.26515      0.051291869982397306    
  0.26560000000000006      0.05139783997715176    
  0.26605      0.05150390486317246    
  0.2665      0.051610064789315416    
  0.26695      0.0517163199043698    
  0.2674      0.05182267035705821    
  0.26785000000000003      0.051929116296038906    
  0.2683      0.05203565786990355    
  0.26875000000000004      0.05214229522717838    
  0.2692      0.05224902851632299    
  0.26965000000000006      0.05235585788573097    
  0.2701      0.05246278348372921    
  0.27055      0.05256980545857869    
  0.271      0.052676923958473613    
  0.27145      0.05278413913153919    
  0.27190000000000003      0.05289145112583871    
  0.27235      0.05299886008936241    
  0.27280000000000004      0.05310636617003531    
  0.27325      0.05321396951571688    
  0.27370000000000005      0.05332167027419579    
  0.27415      0.053429468593197145    
  0.2746      0.05353736462037305    
  0.27505      0.05364535850331063    
  0.2755      0.05375345038952841    
  0.27595000000000003      0.053861640426477696    
  0.27640000000000003      0.05396992876153761    
  0.27685000000000004      0.054078315542022914    
  0.2773      0.05418680091517441    
  0.27775000000000005      0.05429538502816823    
  0.2782      0.05440406802811024    
  0.27865      0.05451285006203812    
  0.2791      0.05462173127691671    
  0.27955      0.05473071181964292    
  0.28      0.05483979183704648    
  0.28045000000000003      0.05494897147588354    
  0.28090000000000004      0.05505825088284093    
  0.28135      0.05516763020453805    
  0.28180000000000005      0.055277109587518296    
  0.28225      0.055386689178262234    
  0.28270000000000006      0.05549636912317062    
  0.28315      0.05560614956858387    
  0.2836      0.05571603066076126    
  0.28405      0.05582601254589635    
  0.28450000000000003      0.05593609537011051    
  0.28495000000000004      0.05604627927945467    
  0.2854      0.05615656441990633    
  0.28585000000000005      0.05626695093737163    
  0.2863      0.05637743897768563    
  0.28675000000000006      0.056488028686610556    
  0.2872      0.05659872020983441    
  0.28765      0.056709513692978296    
  0.2881      0.05682040928158615    
  0.28855000000000003      0.05693140712112887    
  0.28900000000000003      0.057042507357008054    
  0.28945      0.057153710134549014    
  0.28990000000000005      0.05726501559900697    
  0.29035      0.05737642389555828    
  0.29080000000000006      0.05748793516931357    
  0.29125      0.057599549565302395    
  0.2917      0.057711267228484874    
  0.29215      0.057823088303746537    
  0.2926      0.057935012935897146    
  0.29305000000000003      0.05804704126967475    
  0.2935      0.05815917344974052    
  0.29395000000000004      0.058271409620681766    
  0.2944      0.058383749927011425    
  0.29485000000000006      0.05849619451316906    
  0.2953      0.058608743523514556    
  0.29575      0.0587213971023364    
  0.2962      0.05883415539384717    
  0.29665      0.05894701854218283    
  0.29710000000000003      0.059059986691403984    
  0.29755000000000004      0.059173059985496504    
  0.29800000000000004      0.05928623856836819    
  0.29845      0.059399522583853004    
  0.29890000000000005      0.05951291217570483    
  0.29935      0.059626407487604546    
  0.2998      0.05974000866315603    
  0.30025      0.05985371584588399    
  0.3007      0.0599675291792392    
  0.30115000000000003      0.06008144880659278    
  0.30160000000000003      0.060195474871238275    
  0.30205000000000004      0.06030960751639506    
  0.3025      0.06042384688520194    
  0.30295000000000005      0.06053819312071726    
  0.3034      0.06065264636592934    
  0.30385000000000006      0.060767206763743295    
  0.3043      0.060881874456983086    
  0.30475      0.060996649588398795    
  0.3052      0.06111153230066171    
  0.30565000000000003      0.061226522736360485    
  0.30610000000000004      0.061341621038012425    
  0.30655      0.06145682734804635    
  0.30700000000000005      0.06157214180881822    
  0.30745      0.061687564562601944    
  0.30790000000000006      0.06180309575159196    
  0.30835      0.06191873551790338    
  0.3088      0.06203448400357105    
  0.30925      0.062150341350551044    
  0.30970000000000003      0.062266307700718844    
  0.31015000000000004      0.062382383195868155    
  0.3106      0.062498567977709515    
  0.31105000000000005      0.06261486218788112    
  0.3115      0.06273126596793109    
  0.31195000000000006      0.06284777945933238    
  0.3124      0.06296440280347491    
  0.31285      0.0630811361416649    
  0.3133      0.063197979615132    
  0.31375000000000003      0.06331493336501892    
  0.31420000000000003      0.06343199753238925    
  0.31465      0.06354917225822226    
  0.31510000000000005      0.06366645768341983    
  0.31555      0.06378385394879627    
  0.31600000000000006      0.06390136119508509    
  0.31645      0.06401897956293906    
  0.3169      0.06413670919292336    
  0.31735      0.06425455022552391    
  0.3178      0.0643725028011417    
  0.31825000000000003      0.06449056706009765    
  0.31870000000000004      0.0646087431426248    
  0.31915000000000004      0.06472703118887317    
  0.3196      0.06484543133890933    
  0.32005000000000006      0.06496394373271755    
  0.3205      0.06508256851019549    
  0.32095      0.06520130581115983    
  0.3214      0.06532015577533695    
  0.32185      0.06543911854237205    
  0.32230000000000003      0.06555819425182556    
  0.32275000000000004      0.06567738304317386    
  0.32320000000000004      0.0657966850558027    
  0.32365      0.06591610042901914    
  0.32410000000000005      0.06603562930203957    
  0.32455      0.06615527181399754    
  0.32500000000000007      0.06627502810394142    
  0.32545      0.06639489831082818    
  0.3259      0.06651488257353547    
  0.32635000000000003      0.06663498103084844    
  0.32680000000000003      0.0667551938214706    
  0.32725000000000004      0.06687552108401465    
  0.3277      0.06699596295700697    
  0.32815000000000005      0.0671165195788919    
  0.3286      0.06723719108801766    
  0.32905000000000006      0.0673579776226518    
  0.3295      0.06747887932097243    
  0.32995      0.06759989632106865    
  0.3304      0.06772102876094367    
  0.33085000000000003      0.06784227677850925    
  0.33130000000000004      0.06796364051159236    
  0.33175000000000004      0.06808512009793025    
  0.33220000000000005      0.06820671567516859    
  0.33265      0.06832842738086893    
  0.3331      0.06845025535250215    
  0.33355      0.06857219972744726    
  0.334      0.06869426064299768    
  0.33445      0.06881643823635383    
  0.33490000000000003      0.06893873264463167    
  0.33535000000000004      0.0690611440048497    
  0.33580000000000004      0.06918367245394301    
  0.33625000000000005      0.06930631812875135    
  0.33670000000000005      0.06942908116603053    
  0.33715      0.06955196170243873    
  0.3376      0.06967495987454629    
  0.33805      0.06979807581883313    
  0.3385      0.06992130967168887    
  0.33895000000000003      0.07004466156940997    
  0.33940000000000003      0.07016813164820221    
  0.33985000000000004      0.07029172004417901    
  0.34030000000000005      0.07041542689336473    
  0.34075000000000005      0.07053925233168495    
  0.3412      0.0706631964949821    
  0.34165      0.07078725951900168    
  0.3421      0.07091144153939284    
  0.34255      0.07103574269172032    
  0.343      0.07116016311145199    
  0.34345000000000003      0.07128470293395818    
  0.34390000000000004      0.07140936229452541    
  0.34435000000000004      0.07153414132833835    
  0.34480000000000005      0.07165904017049196    
  0.34525000000000006      0.07178405895598669    
  0.3457      0.07190919781973107    
  0.34615      0.0720344568965372    
  0.3466      0.07215983632112169    
  0.34705      0.07228533622811059    
  0.34750000000000003      0.07241095675203206    
  0.34795000000000004      0.0725366980273205    
  0.34840000000000004      0.07266256018831632    
  0.34885000000000005      0.07278854336926446    
  0.34930000000000005      0.07291464770431062    
  0.34975      0.07304087332751301    
  0.3502      0.07316722037282584    
  0.35065      0.07329368897411145    
  0.3511      0.07342027926513742    
  0.35155000000000003      0.07354699137957217    
  0.35200000000000004      0.0736738254509904    
  0.35245000000000004      0.07380078161286656    
  0.35290000000000005      0.07392785999858086    
  0.35335000000000005      0.07405506074141839    
  0.3538      0.07418238397456216    
  0.35425      0.07430982983110283    
  0.3547      0.07443739844403124    
  0.35515      0.07456508994623846    
  0.3556      0.0746929044705242    
  0.35605000000000003      0.07482084214958169    
  0.35650000000000004      0.07494890311601299    
  0.35695000000000005      0.07507708750231853    
  0.35740000000000005      0.07520539544089826    
  0.35785      0.07533382706405903    
  0.3583      0.07546238250400239    
  0.35875      0.07559106189283858    
  0.3592      0.07571986536256958    
  0.35965      0.07584879304510304    
  0.36010000000000003      0.07597784507224783    
  0.36055000000000004      0.07610702157571012    
  0.36100000000000004      0.07623632268709721    
  0.36145000000000005      0.076365748537916    
  0.3619      0.07649529925957367    
  0.36235000000000006      0.07662497498337713    
  0.3628      0.07675477584053098    
  0.36325      0.07688470196213908    
  0.3637      0.07701475347920636    
  0.36415000000000003      0.0771449305226365    
  0.36460000000000004      0.0772752332232244    
  0.36505000000000004      0.07740566171167548    
  0.36550000000000005      0.07753621611858376    
  0.36595000000000005      0.07766689657444563    
  0.36640000000000006      0.07779770320965224    
  0.36685      0.07792863615449508    
  0.3673      0.07805969553916328    
  0.36775      0.07819088149374243    
  0.3682      0.07832219414821362    
  0.36865000000000003      0.07845363363245632    
  0.36910000000000004      0.07858520007624538    
  0.36955000000000005      0.07871689360925618    
  0.37000000000000005      0.07884871436105545    
  0.37045000000000006      0.07898066246111012    
  0.3709      0.0791127380387791    
  0.37135      0.07924494122331933    
  0.3718      0.07937727214388472    
  0.37225      0.079509730929521    
  0.37270000000000003      0.07964231770917177    
  0.37315000000000004      0.079775032611676    
  0.37360000000000004      0.0799078757657661    
  0.37405000000000005      0.08004084730006925    
  0.37450000000000006      0.08017394734310741    
  0.37495      0.0803071760232963    
  0.3754      0.08044053346894905    
  0.37585      0.08057401980826852    
  0.3763      0.0807076351693511    
  0.37675000000000003      0.08084137968019116    
  0.37720000000000004      0.08097525346867251    
  0.37765000000000004      0.0811092566625741    
  0.37810000000000005      0.08124338938956518    
  0.37855000000000005      0.08137765177721175    
  0.379      0.08151204395297096    
  0.37945      0.08164656604418966    
  0.3799      0.08178121817811058    
  0.38035      0.08191600048186849    
  0.3808      0.08205091308248705    
  0.38125000000000003      0.08218595610688309    
  0.38170000000000004      0.08232112968186549    
  0.38215000000000005      0.08245643393413446    
  0.38260000000000005      0.0825918689902826    
  0.38305      0.0827274349767881    
  0.38350000000000006      0.08286313202002753    
  0.38395      0.08299896024626126    
  0.3844      0.0831349197816439    
  0.38485      0.0832710107522193    
  0.38530000000000003      0.08340723328392152    
  0.38575000000000004      0.08354358750257465    
  0.38620000000000004      0.08368007353389237    
  0.38665000000000005      0.0838166915034733    
  0.38710000000000006      0.08395344153681507    
  0.38755000000000006      0.0840903237592949    
  0.388      0.08422733829618367    
  0.38845      0.0843644852726421    
  0.3889      0.08450176481371426    
  0.38935000000000003      0.08463917704433795    
  0.38980000000000004      0.08477672208933404    
  0.39025000000000004      0.08491440007341572    
  0.39070000000000005      0.08505221112118222    
  0.39115000000000005      0.08519015535712038    
  0.39160000000000006      0.08532823290560337    
  0.39205      0.08546644389089335    
  0.3925      0.08560478843713776    
  0.39295      0.08574326666837247    
  0.3934      0.085881878708518    
  0.39385000000000003      0.08602062468138418    
  0.39430000000000004      0.08615950471066082    
  0.39475000000000005      0.08629851891993386    
  0.39520000000000005      0.08643766743266472    
  0.39565000000000006      0.0865769503722106    
  0.3961      0.08671636786180296    
  0.39655      0.08685592002456836    
  0.397      0.08699560698351198    
  0.39745      0.08713542886152646    
  0.39790000000000003      0.08727538578139193    
  0.39835000000000004      0.0874154778657641    
  0.39880000000000004      0.08755570523719486    
  0.39925000000000005      0.08769606801810911    
  0.39970000000000006      0.08783656633082448    
  0.40015      0.08797720029753844    
  0.40060000000000007      0.08811797004033133    
  0.40105      0.08825887568116501    
  0.4015      0.08839991734189233    
  0.40195000000000003      0.08854109514423958    
  0.40240000000000004      0.08868240920982488    
  0.40285000000000004      0.08882385966014018    
  0.40330000000000005      0.08896544661656572    
  0.40375000000000005      0.08910717020036053    
  0.4042      0.0892490305326695    
  0.40465000000000007      0.08939102773451546    
  0.4051      0.0895331619268056    
  0.40555      0.08967543323032492    
  0.406      0.08981784176574527    
  0.40645000000000003      0.08996038765361251    
  0.40690000000000004      0.09010307101436325    
  0.40735000000000005      0.0902458919683031    
  0.40780000000000005      0.09038885063562678    
  0.40825      0.09053194713640499    
  0.40870000000000006      0.09067518159059078    
  0.40915      0.0908185541180143    
  0.4096      0.0909620648383873    
  0.41005      0.09110571387130446    
  0.41050000000000003      0.09124950133623033    
  0.41095000000000004      0.09139342735251972    
  0.41140000000000004      0.09153749203939619    
  0.41185000000000005      0.09168169551597186    
  0.41230000000000006      0.0918260379012286    
  0.41275000000000006      0.09197051931403083    
  0.4132      0.09211513987312311    
  0.41365      0.09225989969712103    
  0.4141      0.09240479890452487    
  0.41455000000000003      0.09254983761371123    
  0.41500000000000004      0.09269501594293064    
  0.41545000000000004      0.0928403340103128    
  0.41590000000000005      0.09298579193386523    
  0.41635000000000005      0.09313138983147086    
  0.41680000000000006      0.09327712782089144    
  0.41725      0.09342300601976093    
  0.4177      0.09356902454559268    
  0.41815      0.09371518351577736    
  0.4186      0.09386148304757565    
  0.41905000000000003      0.09400792325813084    
  0.41950000000000004      0.09415450426445557    
  0.41995000000000005      0.09430122618344149    
  0.42040000000000005      0.09444808913185508    
  0.42085000000000006      0.09459509322633464    
  0.4213      0.09474223858339742    
  0.42175000000000007      0.094889525319432    
  0.4222      0.09503695355070184    
  0.42265      0.09518452339334332    
  0.42310000000000003      0.09533223496337004    
  0.42355000000000004      0.09548008837666368    
  0.42400000000000004      0.0956280837489877    
  0.42445000000000005      0.09577622119597015    
  0.42490000000000006      0.09592450083311577    
  0.42535      0.09607292277580462    
  0.42580000000000007      0.09622148713928422    
  0.42625      0.09637019403868102    
  0.4267      0.09651904358898585    
  0.42715000000000003      0.09666803590506828    
  0.42760000000000004      0.09681717110166635    
  0.42805000000000004      0.0969664492933896    
  0.42850000000000005      0.097115870594721    
  0.42895000000000005      0.09726543512001495    
  0.4294      0.0974151429834948    
  0.42985000000000007      0.09756499429925476    
  0.4303      0.09771498918126235    
  0.43075      0.09786512774335272    
  0.4312      0.09801541009923274    
  0.43165000000000003      0.09816583636247911    
  0.43210000000000004      0.09831640664653907    
  0.43255000000000005      0.09846712106472955    
  0.43300000000000005      0.0986179797302322    
  0.43345      0.09876898275610971    
  0.43390000000000006      0.09892013025527763    
  0.43435      0.09907142234053473    
  0.4348      0.09922285912454012    
  0.43525      0.09937444071982582    
  0.43570000000000003      0.09952616723878928    
  0.43615000000000004      0.09967803879369594    
  0.43660000000000004      0.09983005549668308    
  0.43705000000000005      0.09998221745975132    
  0.43750000000000006      0.10013452479476977    
  0.43795000000000006      0.10028697761347738    
  0.4384      0.10043957602747722    
  0.43885      0.10059232014824071    
  0.4393      0.10074521008710226    
  0.43975000000000003      0.10089824595527223    
  0.44020000000000004      0.10105142786381807    
  0.44065000000000004      0.10120475592367421    
  0.44110000000000005      0.10135823024564743    
  0.44155000000000005      0.10151185094040348    
  0.44200000000000006      0.10166561811847603    
  0.44245      0.1018195318902674    
  0.44290000000000007      0.10197359236603763    
  0.44335      0.10212779965591781    
  0.44380000000000003      0.1022821538699018    
  0.44425000000000003      0.10243665511784876    
  0.44470000000000004      0.1025913035094803    
  0.44515000000000005      0.10274609915438328    
  0.44560000000000005      0.10290104216200988    
  0.44605000000000006      0.10305613264167338    
  0.4465      0.1032113707025516    
  0.44695000000000007      0.10336675645368651    
  0.4474      0.10352229000398368    
  0.44785      0.10367797146220688    
  0.44830000000000003      0.1038338009369908    
  0.44875000000000004      0.10398977853682492    
  0.44920000000000004      0.10414590437006398    
  0.44965000000000005      0.10430217854492796    
  0.45010000000000006      0.10445860116949282    
  0.45055      0.10461517235170197    
  0.45100000000000007      0.10477189219935452    
  0.45145      0.1049287608201189    
  0.4519      0.10508577832151449    
  0.45235000000000003      0.10524294481092727    
  0.45280000000000004      0.10540026039560771    
  0.45325000000000004      0.10555772518265923    
  0.45370000000000005      0.10571533927905245    
  0.45415000000000005      0.10587310279160948    
  0.4546      0.10603101582702168    
  0.45505000000000007      0.10618907849183325    
  0.4555      0.10634729089245416    
  0.4559500000000001      0.10650565313515033    
  0.45640000000000003      0.1066641653260419    
  0.45685000000000003      0.10682282757111473    
  0.45730000000000004      0.10698163997621254    
  0.45775000000000005      0.10714060264703679    
  0.45820000000000005      0.10729971568914423    
  0.45865      0.10745897920795472    
  0.45910000000000006      0.10761839330874343    
  0.45955      0.10777795809664244    
  0.4600000000000001      0.10793767367664218    
  0.46045      0.10809754015359412    
  0.46090000000000003      0.1082575576321979    
  0.46135000000000004      0.10841772621701794    
  0.46180000000000004      0.10857804601247714    
  0.46225000000000005      0.1087385171228422    
  0.4627      0.10889913965225119    
  0.46315000000000006      0.10905991370468751    
  0.4636      0.10922083938400101    
  0.4640500000000001      0.10938191679388466    
  0.4645      0.10954314603789293    
  0.46495000000000003      0.10970452721944016    
  0.46540000000000004      0.1098660604417921    
  0.46585000000000004      0.11002774580806263    
  0.46630000000000005      0.11018958342123082    
  0.46675      0.11035157338412478    
  0.46720000000000006      0.11051371579943067    
  0.46765      0.11067601076968316    
  0.46810000000000007      0.11083845839727302    
  0.46855      0.11100105878444884    
  0.46900000000000003      0.11116381203330823    
  0.46945000000000003      0.11132671824580086    
  0.46990000000000004      0.11148977752373702    
  0.47035000000000005      0.11165298996876553    
  0.47080000000000005      0.11181635568240811    
  0.47125000000000006      0.11197987476602296    
  0.4717      0.11214354732082109    
  0.47215000000000007      0.1123073734478774    
  0.4726      0.11247135324810668    
  0.4730500000000001      0.1126354868222827    
  0.47350000000000003      0.11279977427102879    
  0.47395000000000004      0.11296421569481535    
  0.47440000000000004      0.11312881119396859    
  0.47485000000000005      0.113293560868666    
  0.47530000000000006      0.11345846481893347    
  0.47575      0.11362352314464672    
  0.47620000000000007      0.11378873594553575    
  0.47665      0.11395410332117555    
  0.4771000000000001      0.11411962537099209    
  0.47755000000000003      0.11428530219426952    
  0.47800000000000004      0.11445113389012536    
  0.47845000000000004      0.11461712055753749    
  0.47890000000000005      0.11478326229533581    
  0.47935000000000005      0.11494955920218826    
  0.4798      0.11511601137662107    
  0.48025000000000007      0.11528261891700103    
  0.4807      0.11544938192155084    
  0.4811500000000001      0.11561630048833417    
  0.48160000000000003      0.11578337471526909    
  0.48205000000000003      0.11595060470011859    
  0.48250000000000004      0.1161179905404893    
  0.48295000000000005      0.1162855323338404    
  0.48340000000000005      0.1164532301774766    
  0.48385      0.11662108416854927    
  0.48430000000000006      0.11678909440405613    
  0.48475      0.11695726098083818    
  0.4852000000000001      0.11712558399559142    
  0.48565      0.11729406354485078    
  0.48610000000000003      0.11746269972499687    
  0.48655000000000004      0.11763149263225799    
  0.48700000000000004      0.11780044236270949    
  0.48745000000000005      0.11796954901227358    
  0.4879      0.11813881267670817    
  0.48835000000000006      0.11830823345162235    
  0.4888      0.11847781143247216    
  0.4892500000000001      0.11864754671455428    
  0.4897      0.11881743939301041    
  0.49015000000000003      0.11898748956283012    
  0.49060000000000004      0.11915769731883807    
  0.49105000000000004      0.1193280627557112    
  0.49150000000000005      0.11949858596796487    
  0.49195000000000005      0.11966926704996218    
  0.49240000000000006      0.11984010609590322    
  0.49285      0.12001110319983632    
  0.49330000000000007      0.12018225845564755    
  0.49375      0.12035357195707427    
  0.4942000000000001      0.12052504379768221    
  0.49465000000000003      0.12069667407088915    
  0.49510000000000004      0.12086846286995902    
  0.49555000000000005      0.12104041028798146    
  0.49600000000000005      0.12121251641790318    
  0.49645000000000006      0.12138478135250028    
  0.4969      0.12155720518440248    
  0.49735000000000007      0.12172978800606926    
  0.4978      0.12190252990980316    
  0.4982500000000001      0.12207543098775424    
  0.49870000000000003      0.12224849133190024    
  0.49915000000000004      0.1224217110340711    
  0.49960000000000004      0.12259509018593129    
  0.5000500000000001      0.12276862887898139    
  0.5005000000000001      0.1229423272045695    
  0.50095      0.12311618525387631    
  0.5014000000000001      0.12329020311792306    
  0.50185      0.12346438088757568    
  0.5023000000000001      0.12363871865352842    
  0.50275      0.12381321650631635    
  0.5032000000000001      0.12398787453632348    
  0.50365      0.12416269283376154    
  0.5041      0.12433767148867994    
  0.50455      0.12451281059096958    
  0.505      0.12468811023035672    
  0.5054500000000001      0.12486357049640884    
  0.5059      0.1250391914785245    
  0.5063500000000001      0.125214973265943    
  0.5068      0.12539091594773602    
  0.50725      0.12556701961282007    
  0.5077      0.12574328434993745    
  0.5081500000000001      0.12591971024767665    
  0.5086      0.12609629739445266    
  0.50905      0.1262730458785221    
  0.5095000000000001      0.12644995578797408    
  0.50995      0.12662702721074093    
  0.5104000000000001      0.12680426023457322    
  0.51085      0.12698165494707306    
  0.5113000000000001      0.12715921143566747    
  0.51175      0.1273369297876272    
  0.5122      0.1275148100900446    
  0.51265      0.12769285242985112    
  0.5131000000000001      0.12787105689381995    
  0.5135500000000001      0.12804942356854854    
  0.514      0.12822795254046995    
  0.5144500000000001      0.12840664389585157    
  0.5149      0.12858549772079328    
  0.5153500000000001      0.12876451410123244    
  0.5158      0.12894369312292844    
  0.5162500000000001      0.1291230348714832    
  0.5167      0.1293025394323258    
  0.51715      0.12948220689072037    
  0.5176000000000001      0.12966203733175735    
  0.51805      0.12984203084036414    
  0.5185000000000001      0.13002218750130357    
  0.51895      0.13020250739916023    
  0.5194000000000001      0.13038299061835026    
  0.51985      0.13056363724312836    
  0.5203      0.13074444735757937    
  0.52075      0.13092542104560878    
  0.5212000000000001      0.13110655839095994    
  0.5216500000000001      0.13128785947721003    
  0.5221      0.13146932438775516    
  0.5225500000000001      0.13165095320583067    
  0.523      0.1318327460144933    
  0.5234500000000001      0.13201470289664194    
  0.5239      0.13219682393498922    
  0.5243500000000001      0.13237910921208482    
  0.5248      0.1325615588103107    
  0.52525      0.13274417281186418    
  0.5257000000000001      0.13292695129878737    
  0.52615      0.13310989435294127    
  0.5266000000000001      0.1332930020560114    
  0.52705      0.13347627448952257    
  0.5275000000000001      0.1336597117348134    
  0.52795      0.13384331387306037    
  0.5284      0.13402708098526056    
  0.52885      0.13421101315224768    
  0.5293000000000001      0.13439511045466762    
  0.52975      0.13457937297300512    
  0.5302      0.1347638007875625    
  0.5306500000000001      0.13494839397847913    
  0.5311      0.13513315262570516    
  0.5315500000000001      0.13531807680903368    
  0.532      0.13550316660806733    
  0.5324500000000001      0.13568842210224605    
  0.5329      0.1358738433708291    
  0.53335      0.13605943049290015    
  0.5338      0.13624518354737522    
  0.5342500000000001      0.13643110261298533    
  0.5347000000000001      0.13661718776828624    
  0.53515      0.13680343909166848    
  0.5356000000000001      0.13698985666133445    
  0.53605      0.13717644055531755    
  0.5365      0.1373631908514711    
  0.53695      0.13755010762748157    
  0.5374000000000001      0.13773719096083742    
  0.53785      0.13792444092887668    
  0.5383      0.13811185760873562    
  0.5387500000000001      0.13829944107739248    
  0.5392      0.1384871914116348    
  0.5396500000000001      0.1386751086880832    
  0.5401      0.1388631929831695    
  0.5405500000000001      0.13905144437315495    
  0.541      0.13923986293412252    
  0.54145      0.1394284487419672    
  0.5419      0.1396172018724213    
  0.5423500000000001      0.13980612240102114    
  0.5428000000000001      0.13999521040314192    
  0.54325      0.14018446595395925    
  0.5437000000000001      0.14037388912849094    
  0.54415      0.14056348000155403    
  0.5446000000000001      0.14075323864780534    
  0.54505      0.14094316514170163    
  0.5455000000000001      0.1411332595575378    
  0.54595      0.1413235219694187    
  0.5464      0.14151395245126774    
  0.5468500000000001      0.141704551076835    
  0.5473      0.14189531791967988    
  0.5477500000000001      0.14208625305319225    
  0.5482      0.14227735655056487    
  0.5486500000000001      0.14246862848482414    
  0.5491      0.1426600689288057    
  0.54955      0.14285167795516926    
  0.55      0.14304345563638354    
  0.5504500000000001      0.1432354020447445    
  0.5509000000000001      0.14342751725236239    
  0.55135      0.14361980133116228    
  0.5518000000000001      0.14381225435288802    
  0.55225      0.14400487638909995    
  0.5527000000000001      0.1441976675111757    
  0.55315      0.14439062779031106    
  0.5536000000000001      0.14458375729751696    
  0.55405      0.14477705610361508    
  0.5545      0.14497052427925344    
  0.55495      0.14516416189488937    
  0.5554000000000001      0.1453579690207943    
  0.5558500000000001      0.14555194572705316    
  0.5563      0.1457460920835823    
  0.5567500000000001      0.14594040816009454    
  0.5572      0.14613489402612584    
  0.55765      0.14632954975102105    
  0.5581      0.1465243754039492    
  0.5585500000000001      0.1467193710538838    
  0.559      0.14691453676962163    
  0.55945      0.14710987261976172    
  0.5599000000000001      0.14730537867272778    
  0.56035      0.1475010549967555    
  0.5608000000000001      0.1476969016598893    
  0.56125      0.1478929187299834    
  0.5617000000000001      0.14808910627471428    
  0.56215      0.14828546436157308    
  0.5626000000000001      0.1484819930578478    
  0.56305      0.14867869243065646    
  0.5635000000000001      0.14887556254691428    
  0.5639500000000001      0.14907260347336407    
  0.5644000000000001      0.14926981527654576    
  0.5648500000000001      0.1494671980228207    
  0.5653      0.14966475177835661    
  0.5657500000000001      0.14986247660913415    
  0.5662      0.15006037258095192    
  0.5666500000000001      0.15025843975940267    
  0.5671      0.1504566782099072    
  0.5675500000000001      0.15065508799768743    
  0.5680000000000001      0.15085366918777748    
  0.5684500000000001      0.15105242184502357    
  0.5689000000000001      0.15125134603407822    
  0.56935      0.15145044181940873    
  0.5698000000000001      0.15164970926529153    
  0.57025      0.1518491484358027    
  0.5707000000000001      0.15204875939484436    
  0.57115      0.15224854220610876    
  0.5716000000000001      0.1524484969331191    
  0.5720500000000001      0.15264862363918483    
  0.5725000000000001      0.1528489223874422    
  0.5729500000000001      0.15304939324081823    
  0.5734000000000001      0.1532500362620673    
  0.5738500000000001      0.15345085151373852    
  0.5743      0.15365183905819146    
  0.5747500000000001      0.15385299895759913    
  0.5752      0.15405433127393164    
  0.5756500000000001      0.15425583606897808    
  0.5761000000000001      0.15445751340432246    
  0.5765500000000001      0.15465936334136704    
  0.5770000000000001      0.15486138594131268    
  0.5774500000000001      0.15506358126516917    
  0.5779000000000001      0.15526594937375987    
  0.57835      0.15546849032769974    
  0.5788000000000001      0.15567120418742109    
  0.57925      0.15587409101316183    
  0.5797000000000001      0.15607715086496093    
  0.58015      0.15628038380266213    
  0.5806000000000001      0.15648378988591866    
  0.5810500000000001      0.15668736917418705    
  0.5815000000000001      0.15689112172672812    
  0.5819500000000001      0.15709504760260942    
  0.5824      0.15729914686069957    
  0.5828500000000001      0.1575034195596772    
  0.5833      0.15770786575802082    
  0.5837500000000001      0.15791248551401232    
  0.5842      0.1581172788857393    
  0.5846500000000001      0.15832224593109948    
  0.5851000000000001      0.15852738670777633    
  0.5855500000000001      0.15873270127327757    
  0.5860000000000001      0.1589381896848976    
  0.58645      0.15914385199974668    
  0.5869000000000001      0.159349688274728    
  0.58735      0.15955569856655408    
  0.5878000000000001      0.15976188293173613    
  0.58825      0.15996824142659055    
  0.5887000000000001      0.16017477410722683    
  0.5891500000000001      0.16038148102957298    
  0.5896000000000001      0.1605883622493443    
  0.5900500000000001      0.16079541782206888    
  0.5905      0.16100264780305776    
  0.5909500000000001      0.16121005224744775    
  0.5914      0.16141763121016284    
  0.5918500000000001      0.16162538474592555    
  0.5923      0.16183331290926722    
  0.5927500000000001      0.16204141575451278    
  0.5932000000000001      0.16224969333579092    
  0.5936500000000001      0.1624581457070348    
  0.5941000000000001      0.16266677292197054    
  0.5945500000000001      0.162875575034127    
  0.5950000000000001      0.16308455209683156    
  0.59545      0.16329370416321493    
  0.5959000000000001      0.16350303128620164    
  0.59635      0.16371253351852091    
  0.5968000000000001      0.16392221091269768    
  0.5972500000000001      0.16413206352105264    
  0.5977000000000001      0.16434209139571362    
  0.5981500000000001      0.16455229458860027    
  0.5986      0.16476267315143708    
  0.5990500000000001      0.16497322713573254    
  0.5995      0.16518395659281632    
  0.5999500000000001      0.16539486157378927    
  0.6004      0.16560594212957191    
  0.6008500000000001      0.16581719831086797    
  0.6013000000000001      0.16602863016818895    
  0.6017500000000001      0.16624023775183647    
  0.6022000000000001      0.1664520211119136    
  0.6026500000000001      0.16666398029831128    
  0.6031000000000001      0.16687611536073496    
  0.60355      0.16708842634866122    
  0.6040000000000001      0.16730091331139144    
  0.60445      0.1675135762980022    
  0.6049000000000001      0.16772641535737254    
  0.60535      0.1679394305381815    
  0.6058000000000001      0.16815262188889618    
  0.6062500000000001      0.16836598945778083    
  0.6067000000000001      0.16857953329290262    
  0.6071500000000001      0.16879325344211976    
  0.6076      0.1690071499530792    
  0.6080500000000001      0.16922122287322758    
  0.6085      0.1694354722498151    
  0.6089500000000001      0.16964989812986403    
  0.6094      0.16986450056021696    
  0.6098500000000001      0.1700792795874958    
  0.6103000000000001      0.17029423525811332    
  0.6107500000000001      0.17050936761828697    
  0.6112000000000001      0.170724676714026    
  0.61165      0.17094016259112493    
  0.6121000000000001      0.17115582529517825    
  0.61255      0.17137166487157557    
  0.6130000000000001      0.17158768136549338    
  0.61345      0.17180387482190426    
  0.6139000000000001      0.1720202452855752    
  0.6143500000000001      0.17223679280106638    
  0.6148000000000001      0.17245351741272352    
  0.6152500000000001      0.17267041916468834    
  0.6157000000000001      0.17288749810090132    
  0.6161500000000001      0.17310475426508584    
  0.6166      0.17332218770075658    
  0.6170500000000001      0.1735397984512326    
  0.6175      0.17375758655960877    
  0.6179500000000001      0.17397555206877946    
  0.6184000000000001      0.17419369502142978    
  0.6188500000000001      0.17441201546003518    
  0.6193000000000001      0.1746305134268611    
  0.61975      0.17484918896396492    
  0.6202000000000001      0.17506804211319052    
  0.62065      0.17528707291618073    
  0.6211000000000001      0.17550628141436    
  0.62155      0.17572566764894254    
  0.6220000000000001      0.17594523166094564    
  0.6224500000000001      0.17616497349116442    
  0.6229000000000001      0.1763848931801779    
  0.6233500000000001      0.17660499076837374    
  0.6238000000000001      0.1768252662959114    
  0.6242500000000001      0.17704571980274406    
  0.6247      0.1772663513286222    
  0.6251500000000001      0.17748716091307803    
  0.6256      0.17770814859542786    
  0.6260500000000001      0.17792931441478857    
  0.6265000000000001      0.17815065841005306    
  0.6269500000000001      0.17837218061991286    
  0.6274000000000001      0.17859388108284055    
  0.6278500000000001      0.1788157598370992    
  0.6283000000000001      0.17903781692074064    
  0.6287500000000001      0.17926005237160028    
  0.6292000000000001      0.17948246622730615    
  0.62965      0.17970505852527538    
  0.6301000000000001      0.17992782930270274    
  0.63055      0.18015077859657527    
  0.6310000000000001      0.1803739064436715    
  0.6314500000000001      0.18059721288054775    
  0.6319000000000001      0.18082069794355782    
  0.6323500000000001      0.1810443616688289    
  0.6328      0.18126820409228317    
  0.6332500000000001      0.18149222524963407    
  0.6337      0.18171642517636497    
  0.6341500000000001      0.18194080390775827    
  0.6346      0.18216536147887896    
  0.6350500000000001      0.1823900979245742    
  0.6355000000000001      0.1826150132794841    
  0.6359500000000001      0.18284010757802105    
  0.6364000000000001      0.18306538085439808    
  0.6368500000000001      0.18329083314260006    
  0.6373000000000001      0.18351646447640632    
  0.63775      0.18374227488937667    
  0.6382000000000001      0.18396826441485448    
  0.63865      0.18419443308596745    
  0.6391000000000001      0.18442078093563072    
  0.6395500000000001      0.1846473079965413    
  0.6400000000000001      0.18487401430118172    
  0.6404500000000001      0.18510089988181924    
  0.6409      0.18532796477049646    
  0.6413500000000001      0.185555208999048    
  0.6418      0.18578263259909505    
  0.6422500000000001      0.18601023560202995    
  0.6427      0.1862380180390405    
  0.6431500000000001      0.18646597994108963    
  0.6436000000000001      0.186694121338925    
  0.6440500000000001      0.18692244226308102    
  0.6445000000000001      0.18715094274386465    
  0.6449500000000001      0.18737962281138118    
  0.6454000000000001      0.1876084824955009    
  0.64585      0.18783752182588676    
  0.6463000000000001      0.1880667408319843    
  0.64675      0.18829613954301358    
  0.6472000000000001      0.18852571798798637    
  0.6476500000000001      0.1887554761956849    
  0.6481000000000001      0.18898541419468146    
  0.6485500000000001      0.18921553201332691    
  0.6490000000000001      0.1894458296797536    
  0.6494500000000001      0.1896763072218715    
  0.6499000000000001      0.18990696466737522    
  0.6503500000000001      0.19013780204374786    
  0.6508      0.19036881937823286    
  0.6512500000000001      0.1906000166978768    
  0.6517000000000001      0.1908313940294885    
  0.6521500000000001      0.1910629513996663    
  0.6526000000000001      0.19129468883478745    
  0.6530500000000001      0.19152660636101354    
  0.6535000000000001      0.19175870400427683    
  0.65395      0.19199098179029664    
  0.6544000000000001      0.19222343974456704    
  0.65485      0.19245607789236235    
  0.6553000000000001      0.19268889625874608    
  0.65575      0.19292189486854347    
  0.6562000000000001      0.19315507374637145    
  0.6566500000000001      0.1933884329166227    
  0.6571000000000001      0.19362197240346649    
  0.6575500000000001      0.19385569223085936    
  0.6580000000000001      0.19408959242252435    
  0.6584500000000001      0.1943236730019715    
  0.6589      0.19455793399248167    
  0.6593500000000001      0.19479237541712813    
  0.6598      0.19502699729874282    
  0.6602500000000001      0.19526179965995202    
  0.6607000000000001      0.19549678252315345    
  0.6611500000000001      0.19573194591051887    
  0.6616000000000001      0.1959672898440008    
  0.66205      0.19620281434533904    
  0.6625000000000001      0.19643851943602936    
  0.66295      0.19667440513736612    
  0.6634000000000001      0.1969104714704109    
  0.66385      0.1971467184559989    
  0.6643000000000001      0.19738314611474653    
  0.6647500000000001      0.19761975446704722    
  0.6652000000000001      0.19785654353307355    
  0.6656500000000001      0.19809351333277278    
  0.6661000000000001      0.1983306638858607    
  0.6665500000000001      0.19856799521184518    
  0.667      0.1988055073299884    
  0.6674500000000001      0.19904320025935485    
  0.6679      0.19928107401876477    
  0.6683500000000001      0.19951912862682067    
  0.6688000000000001      0.1997573641019023    
  0.6692500000000001      0.1999957804621612    
  0.6697000000000001      0.2002343777255317    
  0.6701500000000001      0.20047315590971485    
  0.6706000000000001      0.2007121150321867    
  0.6710500000000001      0.20095125511021292    
  0.6715000000000001      0.20119057616081654    
  0.67195      0.20143007820080147    
  0.6724000000000001      0.2016697612467511    
  0.6728500000000001      0.20190962531501674    
  0.6733000000000001      0.2021496704217306    
  0.6737500000000001      0.20238989658279152    
  0.6742000000000001      0.20263030381387717    
  0.6746500000000001      0.2028708921304428    
  0.6751      0.20311166154771393    
  0.6755500000000001      0.2033526120806881    
  0.676      0.2035937437441387    
  0.6764500000000001      0.20383505655261572    
  0.6769000000000001      0.2040765505204351    
  0.6773500000000001      0.20431822566169985    
  0.6778000000000001      0.20456008199027018    
  0.6782500000000001      0.2048021195197863    
  0.6787000000000001      0.20504433826367077    
  0.6791500000000001      0.20528673823510662    
  0.6796000000000001      0.20552931944705172    
  0.68005      0.20577208191224283    
  0.6805000000000001      0.2060150256431856    
  0.68095      0.20625815065215738    
  0.6814000000000001      0.20650145695121322    
  0.6818500000000001      0.2067449445521708    
  0.6823000000000001      0.2069886134666363    
  0.6827500000000001      0.20723246370596063    
  0.6832      0.20747649528130618    
  0.6836500000000001      0.20772070820356742    
  0.6841      0.20796510248343553    
  0.6845500000000001      0.2082096781313729    
  0.685      0.20845443515760265    
  0.6854500000000001      0.20869937357211885    
  0.6859000000000001      0.20894449338469967    
  0.6863500000000001      0.2091897946048869    
  0.6868000000000001      0.20943527724199448    
  0.6872500000000001      0.20968094130510556    
  0.6877000000000001      0.20992678680307855    
  0.68815      0.210172813744541    
  0.6886000000000001      0.2104190221378897    
  0.68905      0.21066541199129374    
  0.6895000000000001      0.21091198331269204    
  0.6899500000000001      0.2111587361097998    
  0.6904000000000001      0.21140567039009395    
  0.6908500000000001      0.2116527861608251    
  0.6913      0.2119000834290163    
  0.6917500000000001      0.21214756220146255    
  0.6922000000000001      0.2123952224847225    
  0.6926500000000001      0.21264306428513055    
  0.6931      0.21289108760878958    
  0.6935500000000001      0.21313929246157134    
  0.6940000000000001      0.21338767884911608    
  0.6944500000000001      0.21363624677683787    
  0.6949000000000001      0.21388499624991003    
  0.6953500000000001      0.21413392727329442    
  0.6958000000000001      0.21438303985170185    
  0.69625      0.21463233398963338    
  0.6967000000000001      0.21488180969134196    
  0.69715      0.2151314669608428    
  0.6976000000000001      0.2153813058019551    
  0.6980500000000001      0.21563132621823394    
  0.6985000000000001      0.2158815282130082    
  0.6989500000000001      0.21613191178939312    
  0.6994      0.21638247695025273    
  0.6998500000000001      0.21663322369823118    
  0.7003000000000001      0.2168841520357362    
  0.7007500000000001      0.2171352619649484    
  0.7012      0.21738655348781283    
  0.7016500000000001      0.21763802660604292    
  0.7021000000000001      0.2178896813211249    
  0.7025500000000001      0.21814151763430523    
  0.7030000000000001      0.21839353554660026    
  0.7034500000000001      0.21864573505880813    
  0.7039000000000001      0.2188981161714762    
  0.70435      0.21915067888492248    
  0.7048000000000001      0.2194034231992435    
  0.7052500000000002      0.21965634911430043    
  0.7057000000000001      0.21990945662970596    
  0.70615      0.22016274574486194    
  0.7066000000000001      0.22041621645893444    
  0.7070500000000001      0.22066986877083442    
  0.7075000000000001      0.22092370267927555    
  0.7079500000000001      0.22117771818270351    
  0.7084000000000001      0.2214319152793532    
  0.7088500000000001      0.22168629396722409    
  0.7093      0.2219408542440751    
  0.7097500000000001      0.22219559610743772    
  0.7102      0.22245051955460543    
  0.7106500000000001      0.22270562458263987    
  0.7111000000000001      0.22296091118837905    
  0.7115500000000001      0.22321637936841296    
  0.7120000000000001      0.22347202911910766    
  0.71245      0.22372786043658907    
  0.7129000000000001      0.22398387331674754    
  0.7133500000000002      0.22424006775525943    
  0.7138000000000001      0.2244964437475388    
  0.71425      0.22475300128878847    
  0.7147000000000001      0.22500974037396215    
  0.7151500000000001      0.22526666099779083    
  0.7156000000000001      0.22552376315476017    
  0.7160500000000001      0.2257810468391328    
  0.7165000000000001      0.22603851204493067    
  0.7169500000000001      0.22629615876594236    
  0.7174      0.22655398699572765    
  0.7178500000000001      0.22681199672760055    
  0.7183      0.22707018795464687    
  0.7187500000000001      0.22732856066972043    
  0.7192000000000001      0.22758711486544064    
  0.7196500000000001      0.22784585053418321    
  0.7201000000000001      0.228104767668095    
  0.72055      0.22836386625909572    
  0.7210000000000001      0.22862314629885563    
  0.7214500000000001      0.22888260777882397    
  0.7219000000000001      0.22914225069020264    
  0.72235      0.22940207502396218    
  0.7228000000000001      0.2296620807708425    
  0.7232500000000001      0.22992226792134923    
  0.7237000000000001      0.23018263646574622    
  0.7241500000000001      0.23044318639406186    
  0.7246000000000001      0.2307039176960916    
  0.7250500000000001      0.23096483036140186    
  0.7255      0.2312259243793211    
  0.7259500000000001      0.23148719973892645    
  0.7264000000000002      0.2317486564290802    
  0.7268500000000001      0.23201029443839497    
  0.7273000000000001      0.23227211375525958    
  0.7277500000000001      0.23253411436782115    
  0.7282000000000001      0.23279629626398476    
  0.7286500000000001      0.23305865943142848    
  0.7291000000000001      0.2333212038575872    
  0.7295500000000001      0.23358392952967394    
  0.7300000000000001      0.23384683643464238    
  0.73045      0.23410992455923937    
  0.7309000000000001      0.23437319388994116    
  0.7313500000000001      0.23463664441302348    
  0.7318000000000001      0.23490027611449807    
  0.7322500000000001      0.23516408898015553    
  0.7327000000000001      0.23542808299554652    
  0.7331500000000001      0.23569225814598027    
  0.7336      0.23595661441653498    
  0.7340500000000001      0.2362211517920504    
  0.7345000000000002      0.2364858702571318    
  0.7349500000000001      0.23675076979614787    
  0.7354      0.23701585039322423    
  0.7358500000000001      0.23728111203226313    
  0.7363000000000001      0.23754655469690864    
  0.7367500000000001      0.23781217837059826    
  0.7372000000000001      0.2380779830365026    
  0.7376500000000001      0.2383439686775686    
  0.7381000000000001      0.23861013527651562    
  0.73855      0.23887648281580676    
  0.7390000000000001      0.23914301127768345    
  0.73945      0.23940972064414598    
  0.7399000000000001      0.2396766108969479    
  0.7403500000000001      0.23994368201762106    
  0.7408000000000001      0.24021093398745327    
  0.7412500000000001      0.24047836678749482    
  0.7417      0.2407459803985522    
  0.7421500000000001      0.24101377480121    
  0.7426000000000001      0.24128174997580387    
  0.7430500000000001      0.24154990590243067    
  0.7435      0.24181824256096032    
  0.7439500000000001      0.24208675993101858    
  0.7444000000000001      0.24235545799199604    
  0.7448500000000001      0.24262433672303454    
  0.7453000000000001      0.24289339610306104    
  0.7457500000000001      0.24316263611074415    
  0.7462000000000001      0.24343205672452728    
  0.74665      0.24370165792260742    
  0.7471000000000001      0.24397143968295232    
  0.7475500000000002      0.24424140198329164    
  0.7480000000000001      0.24451154480110315    
  0.7484500000000001      0.2447818681136426    
  0.7489000000000001      0.24505237189792717    
  0.7493500000000001      0.2453230561307283    
  0.7498000000000001      0.24559392078858538    
  0.7502500000000001      0.24586496584780076    
  0.7507000000000001      0.24613619128442127    
  0.7511500000000001      0.24640759707428583    
  0.7516      0.24667918319297863    
  0.7520500000000001      0.24695094961584785    
  0.7525000000000001      0.24722289631799338    
  0.7529500000000001      0.24749502327429684    
  0.7534000000000001      0.24776733045939212    
  0.7538500000000001      0.2480398178476727    
  0.7543000000000001      0.24831248541329504    
  0.75475      0.24858533313018255    
  0.7552000000000001      0.2488583609720159    
  0.7556500000000002      0.249131568912237    
  0.7561000000000001      0.24940495692405698    
  0.7565500000000001      0.24967852498043072    
  0.7570000000000001      0.24995227305410042    
  0.7574500000000001      0.2502262011175536    
  0.7579000000000001      0.25050030914303933    
  0.7583500000000001      0.25077459710257827    
  0.7588000000000001      0.2510490649679375    
  0.7592500000000001      0.25132371271066334    
  0.7597      0.25159854030205764    
  0.7601500000000001      0.2518735477131702    
  0.7606      0.252148734914831    
  0.7610500000000001      0.25242410187762654    
  0.7615000000000001      0.25269964857190474    
  0.7619500000000001      0.2529753749677638    
  0.7624000000000001      0.2532512810350861    
  0.76285      0.2535273667435021    
  0.7633000000000001      0.2538036320623913    
  0.7637500000000002      0.25408007696092305    
  0.7642000000000001      0.25435670140800515    
  0.76465      0.25463350537232243    
  0.7651000000000001      0.2549104888223068    
  0.7655500000000001      0.2551876517261671    
  0.7660000000000001      0.2554649940518598    
  0.7664500000000001      0.25574251576710927    
  0.7669000000000001      0.2560202168394044    
  0.7673500000000001      0.25629809723599134    
  0.7678      0.2565761569238872    
  0.7682500000000001      0.2568543958698483    
  0.7687000000000002      0.25713281404041105    
  0.7691500000000001      0.2574114114018727    
  0.7696000000000001      0.2576901879202891    
  0.7700500000000001      0.2579691435614718    
  0.7705000000000001      0.2582482782910028    
  0.7709500000000001      0.25852759207421727    
  0.7714000000000001      0.25880708487621934    
  0.7718500000000001      0.2590867566618849    
  0.7723000000000001      0.25936660739581546    
  0.77275      0.2596466370424087    
  0.7732000000000001      0.2599268455658108    
  0.7736500000000001      0.26020723292993514    
  0.7741000000000001      0.2604877990984398    
  0.7745500000000001      0.2607685440347685    
  0.7750000000000001      0.2610494677021156    
  0.7754500000000001      0.26133057006342786    
  0.7759      0.2616118510814304    
  0.7763500000000001      0.2618933107185943    
  0.7768000000000002      0.2621749489371663    
  0.7772500000000001      0.26245676569914356    
  0.7777000000000001      0.2627387609662888    
  0.7781500000000001      0.26302093470013355    
  0.7786000000000001      0.26330328686195803    
  0.7790500000000001      0.2635858174128082    
  0.7795000000000001      0.26386852631350255    
  0.7799500000000001      0.2641514135246069    
  0.7804000000000001      0.26443447900645584    
  0.78085      0.26471772271914534    
  0.7813000000000001      0.26500114462253005    
  0.7817500000000001      0.2652847446762294    
  0.7822000000000001      0.26556852283961463    
  0.7826500000000001      0.26585247907184617    
  0.7831000000000001      0.2661366133318103    
  0.7835500000000001      0.26642092557818364    
  0.784      0.2667054157693867    
  0.7844500000000001      0.2669900838636103    
  0.7849000000000002      0.26727492981880724    
  0.7853500000000001      0.26755995359268614    
  0.7858      0.2678451551427284    
  0.7862500000000001      0.2681305344261627    
  0.7867000000000001      0.26841609139999034    
  0.7871500000000001      0.26870182602097636    
  0.7876000000000001      0.26898773824563155    
  0.7880500000000001      0.2692738280302563    
  0.7885000000000001      0.2695600953308796    
  0.78895      0.2698465401033292    
  0.7894000000000001      0.27013316230315454    
  0.7898500000000002      0.2704199618857018    
  0.7903000000000001      0.2707069388060651    
  0.7907500000000001      0.2709940930190917    
  0.7912      0.2712814244794108    
  0.79165      0.2715689331414085    
  0.7921      0.27185661895920504    
  0.79255      0.27214448188672724    
  0.793      0.2724325218776344    
  0.79345      0.27272073888536125    
  0.7939      0.27300913286309675    
  0.79435      0.27329770376380114    
  0.7948000000000001      0.2735864515401786    
  0.79525      0.27387537614472846    
  0.7957      0.2741644775296736    
  0.79615      0.2744537556470347    
  0.7966      0.2747432104485679    
  0.79705      0.2750328418858102    
  0.7975      0.27532264991005445    
  0.79795      0.2756126344723513    
  0.7984      0.2759027955235184    
  0.7988500000000001      0.2761931330141413    
  0.7993      0.27648364689456395    
  0.79975      0.27677433711488864    
  0.8002      0.2770652036249813    
  0.80065      0.2773562463744854    
  0.8011      0.27764746531278156    
  0.80155      0.27793886038904264    
  0.802      0.2782304315521853    
  0.80245      0.2785221787508827    
  0.8029000000000001      0.27881410193359735    
  0.80335      0.2791062010485297    
  0.8038000000000001      0.27939847604365337    
  0.80425      0.279690926866713    
  0.8047      0.279983553465207    
  0.80515      0.28027635578638643    
  0.8056      0.28056933377729937    
  0.80605      0.2808624873847151    
  0.8065      0.2811558165552042    
  0.8069500000000001      0.2814493212350737    
  0.8074      0.2817430013704123    
  0.8078500000000001      0.2820368569070576    
  0.8083      0.28233088779062193    
  0.80875      0.2826250939664784    
  0.8092      0.2829194753797524    
  0.80965      0.283214031975361    
  0.8101      0.2835087636979576    
  0.81055      0.2838036704919708    
  0.811      0.2840987523015892    
  0.81145      0.28439400907078155    
  0.8119000000000001      0.28468944074325075    
  0.81235      0.2849850472624901    
  0.8128      0.2852808285717487    
  0.81325      0.2855767846140386    
  0.8137      0.2858729153321359    
  0.81415      0.28616922066858175    
  0.8146      0.28646570056567977    
  0.81505      0.28676235496550456    
  0.8155      0.28705918380988865    
  0.8159500000000001      0.28735618704043603    
  0.8164      0.28765336459850893    
  0.81685      0.28795071642523623    
  0.8173      0.2882482424615032    
  0.81775      0.2885459426479915    
  0.8182      0.28884381692510036    
  0.81865      0.2891418652330374    
  0.8191      0.2894400875117522    
  0.81955      0.2897384837009628    
  0.8200000000000001      0.2900370537401548    
  0.82045      0.2903357975685757    
  0.8209      0.2906347151252466    
  0.82135      0.29093380634894117    
  0.8218      0.2912330711782117    
  0.82225      0.2915325095513736    
  0.8227      0.2918321214064973    
  0.82315      0.29213190668143135    
  0.8236      0.29243186531378634    
  0.8240500000000001      0.2927319972409394    
  0.8245      0.29303230240003597    
  0.8249500000000001      0.2933327807279687    
  0.8254      0.2936334321614215    
  0.82585      0.29393425663683354    
  0.8263      0.29423525409041024    
  0.82675      0.2945364244581282    
  0.8272      0.29483776767572856    
  0.82765      0.2951392836787082    
  0.8281000000000001      0.29544097240234457    
  0.82855      0.29574283378167826    
  0.829      0.2960448677515115    
  0.82945      0.29634707424642825    
  0.8299      0.29664945320075803    
  0.83035      0.2969520045486064    
  0.8308      0.2972547282238589    
  0.83125      0.2975576241601469    
  0.8317      0.2978606922908798    
  0.8321500000000001      0.29816393254924    
  0.8326      0.2984673448681631    
  0.8330500000000001      0.2987709291803699    
  0.8335      0.29907468541832893    
  0.83395      0.29937861351428907    
  0.8344      0.2996827134002765    
  0.83485      0.2999869850080558    
  0.8353      0.3002914282691901    
  0.83575      0.3005960431149973    
  0.8362      0.3009008294765495    
  0.83665      0.3012057872847214    
  0.8371000000000001      0.30151091647013195    
  0.83755      0.3018162169631568    
  0.838      0.3021216886939756    
  0.83845      0.302427331592513    
  0.8389      0.3027331455884648    
  0.83935      0.30303913061129106    
  0.8398      0.3033452865902322    
  0.84025      0.3036516134543049    
  0.8407      0.30395811113226967    
  0.8411500000000001      0.3042647795526699    
  0.8416      0.3045716186438267    
  0.84205      0.3048786283338157    
  0.8425      0.30518580855049193    
  0.84295      0.3054931592214702    
  0.8434      0.30580068027414925    
  0.84385      0.30610837163568294    
  0.8443      0.3064162332330179    
  0.84475      0.3067242649928382    
  0.8452000000000001      0.3070324668416185    
  0.84565      0.30734083870560736    
  0.8461000000000001      0.3076493805108156    
  0.84655      0.30795809218301695    
  0.847      0.30826697364777444    
  0.84745      0.3085760248304116    
  0.8479      0.30888524565601017    
  0.84835      0.30919463604945335    
  0.8488      0.30950419593537315    
  0.8492500000000001      0.3098139252381705    
  0.8497      0.31012382388203324    
  0.85015      0.31043389179090614    
  0.8506      0.31074412888852093    
  0.85105      0.31105453509835285    
  0.8515      0.31136511034369213    
  0.85195      0.3116758545475539    
  0.8524      0.3119867676327606    
  0.85285      0.3122978495218886    
  0.8533000000000001      0.3126091001373    
  0.85375      0.3129205194011142    
  0.8542000000000001      0.3132321072352258    
  0.85465      0.31354386356131475    
  0.8551      0.3138557883008263    
  0.85555      0.3141678813749648    
  0.856      0.3144801427047349    
  0.85645      0.3147925722108901    
  0.8569      0.3151051698139706    
  0.8573500000000001      0.3154179354342836    
  0.8578      0.3157308689919148    
  0.8582500000000001      0.3160439704067178    
  0.8587      0.3163572395983189    
  0.8591500000000001      0.3166706764861276    
  0.8596      0.3169842809893263    
  0.86005      0.31729805302685626    
  0.8605      0.31761199251745525    
  0.86095      0.3179260993796148    
  0.8614      0.31824037353161166    
  0.86185      0.3185548148914987    
  0.8623000000000001      0.3188694233770958    
  0.86275      0.31918419890600847    
  0.8632      0.3194991413956062    
  0.86365      0.3198142507630367    
  0.8641      0.3201295269252268    
  0.86455      0.32044496979887743    
  0.865      0.3207605793004588    
  0.86545      0.32107635534623946    
  0.8659      0.32139229785222556    
  0.8663500000000001      0.3217084067342327    
  0.8668      0.3220246819078334    
  0.8672500000000001      0.32234112328838005    
  0.8677      0.322657730791011    
  0.86815      0.32297450433063457    
  0.8686      0.3232914438219328    
  0.86905      0.32360854917937143    
  0.8695      0.3239258203171819    
  0.86995      0.3242432571493844    
  0.8704000000000001      0.32456085958977215    
  0.87085      0.3248786275519109    
  0.8713      0.32519656094915345    
  0.87175      0.32551465969461946    
  0.8722      0.3258329237012145    
  0.87265      0.32615135288162855    
  0.8731      0.3264699471483046    
  0.87355      0.3267887064134921    
  0.874      0.3271076305891994    
  0.8744500000000001      0.3274267195872249    
  0.8749      0.32774597331914407    
  0.8753500000000001      0.32806539169630033    
  0.8758      0.32838497462982713    
  0.87625      0.32870472203064116    
  0.8767      0.32902463380942265    
  0.87715      0.3293447098766485    
  0.8776      0.3296649501425609    
  0.87805      0.3299853545171913    
  0.8785000000000001      0.3303059229103359    
  0.87895      0.3306266552316065    
  0.8794000000000001      0.33094755139034937    
  0.87985      0.33126861129572094    
  0.8803000000000001      0.3315898348566546    
  0.88075      0.33191122198185036    
  0.8812      0.3322327725798076    
  0.88165      0.3325544865587978    
  0.8821      0.3328763638268624    
  0.8825500000000001      0.33319840429185266    
  0.883      0.3335206078613669    
  0.8834500000000001      0.3338429744428134    
  0.8839      0.3341655039433739    
  0.88435      0.334488196269997    
  0.8848      0.33481105132943295    
  0.88525      0.33513406902821175    
  0.8857      0.3354572492726384    
  0.88615      0.3357805919687988    
  0.8866      0.33610409702256977    
  0.88705      0.3364277643396123    
  0.8875000000000001      0.3367515938253576    
  0.88795      0.33707558538503235    
  0.8884000000000001      0.3373997389236473    
  0.88885      0.3377240543459899    
  0.8893      0.33804853155663617    
  0.88975      0.33837317045993137    
  0.8902      0.33869797096004145    
  0.89065      0.3390229329608665    
  0.8911      0.33934805636613596    
  0.8915500000000001      0.339673341079343    
  0.892      0.3399987870037596    
  0.89245      0.3403243940424551    
  0.8929      0.3406501620982881    
  0.89335      0.3409760910738834    
  0.8938      0.34130218087167186    
  0.89425      0.34162843139386506    
  0.8947      0.341954842542441    
  0.89515      0.34228141421919156    
  0.8956000000000001      0.34260814632567266    
  0.89605      0.3429350387632499    
  0.8965000000000001      0.3432620914330617    
  0.89695      0.34358930423601797    
  0.8974      0.3439166770728504    
  0.89785      0.3442442098440414    
  0.8983      0.3445719024498959    
  0.89875      0.3448997547904837    
  0.8992      0.3452277667656574    
  0.8996500000000001      0.3455559382750913    
  0.9001      0.34588426921820054    
  0.9005500000000001      0.34621275949422203    
  0.901      0.3465414090021736    
  0.9014500000000001      0.3468702176408534    
  0.9019      0.34719918530886634    
  0.90235      0.347528311904588    
  0.9028      0.3478575973261833    
  0.90325      0.34818704147163204    
  0.9037000000000001      0.34851664423867273    
  0.90415      0.34884640552484025    
  0.9046000000000001      0.3491763252274778    
  0.90505      0.3495064032437029    
  0.9055      0.34983663947042615    
  0.90595      0.35016703380435166    
  0.9064      0.35049758614197646    
  0.90685      0.3508282963795729    
  0.9073      0.35115916441322453    
  0.9077500000000001      0.35149019013879385    
  0.9082      0.3518213734519464    
  0.9086500000000001      0.3521527142481327    
  0.9091      0.3524842124225826    
  0.9095500000000001      0.3528158678703484    
  0.91      0.3531476804862423    
  0.91045      0.35347965016488203    
  0.9109      0.3538117768006952    
  0.91135      0.3541440602878793    
  0.9118      0.35447650052043217    
  0.91225      0.3548090973921365    
  0.9127000000000001      0.3551418507965992    
  0.91315      0.35547476062718153    
  0.9136      0.3558078267770664    
  0.91405      0.3561410491392217    
  0.9145      0.3564744276064063    
  0.91495      0.3568079620711729    
  0.9154      0.3571416524258859    
  0.91585      0.3574754985626765    
  0.9163      0.35780950037350423    
  0.9167500000000001      0.3581436577500871    
  0.9172      0.3584779705839849    
  0.9176500000000001      0.35881243876649405    
  0.9181      0.3591470621887693    
  0.91855      0.3594818407417157    
  0.919      0.3598167743160616    
  0.91945      0.360151862802311    
  0.9199      0.3604871060907956    
  0.92035      0.36082250407160066    
  0.9208000000000001      0.3611580566346481    
  0.92125      0.3614937636696416    
  0.9217      0.3618296250660737    
  0.92215      0.36216564071326146    
  0.9226000000000001      0.3625018105002877    
  0.92305      0.36283813431606243    
  0.9235      0.36317461204926743    
  0.92395      0.3635112435884141    
  0.9244      0.36384802882179007    
  0.9248500000000001      0.3641849676374853    
  0.9253      0.36452205992339615    
  0.9257500000000001      0.36485930556722146    
  0.9262      0.3651967044564392    
  0.92665      0.36553425647835613    
  0.9271      0.36587196152006624    
  0.92755      0.36620981946845954    
  0.928      0.36654783021023246    
  0.92845      0.3668859936318807    
  0.9289000000000001      0.36722430961970925    
  0.92935      0.3675627780598087    
  0.9298      0.36790139883808487    
  0.93025      0.3682401718402481    
  0.9307000000000001      0.3685790969518054    
  0.93115      0.36891817405805727    
  0.9316      0.369257403044115    
  0.93205      0.36959678379489896    
  0.9325      0.3699363161951215    
  0.9329500000000001      0.37027600012931766    
  0.9334      0.3706158354818007    
  0.9338500000000001      0.3709558221367033    
  0.9343      0.37129595997795994    
  0.93475      0.3716362488893066    
  0.9352      0.3719766887542854    
  0.9356500000000001      0.37231727945625004    
  0.9361      0.3726580208783492    
  0.93655      0.3729989129035376    
  0.937      0.3733399554145978    
  0.93745      0.3736811482940684    
  0.9379000000000001      0.37402249142435323    
  0.93835      0.3743639846876183    
  0.9388000000000001      0.37470562796585305    
  0.93925      0.3750474211408646    
  0.9397      0.37538936409424617    
  0.94015      0.37573145670740654    
  0.9406      0.37607369886156916    
  0.94105      0.37641609043775925    
  0.9415      0.3767586313168111    
  0.9419500000000001      0.37710132137935837    
  0.9424      0.3774441605058621    
  0.94285      0.3777871485765742    
  0.9433      0.37813028547156863    
  0.9437500000000001      0.37847357107071233    
  0.9442      0.37881700525370354    
  0.94465      0.3791605879000293    
  0.9451      0.37950431888900277    
  0.94555      0.3798481980997478    
  0.9460000000000001      0.380192225411175    
  0.94645      0.3805364007020384    
  0.9469000000000001      0.38088072385087707    
  0.94735      0.3812251947360534    
  0.9478      0.3815698132357428    
  0.94825      0.3819145792279305    
  0.9487      0.38225949259041114    
  0.94915      0.3826045532007932    
  0.9496      0.3829497609364886    
  0.9500500000000001      0.38329511567474456    
  0.9505      0.383640617292607    
  0.95095      0.3839862656669252    
  0.9514      0.38433206067438214    
  0.9518500000000001      0.38467800219145626    
  0.9523      0.38502409009445926    
  0.95275      0.3853703242595021    
  0.9532      0.3857167045625161    
  0.95365      0.38606323087924577    
  0.9541000000000001      0.38640990308525486    
  0.95455      0.38675672105591596    
  0.9550000000000001      0.3871036846664248    
  0.95545      0.38745079379177616    
  0.9559      0.38779804830681414    
  0.95635      0.3881454480861653    
  0.9568000000000001      0.38849299300429    
  0.95725      0.3888406829354577    
  0.9577      0.38918851775376556    
  0.9581500000000001      0.3895364973331208    
  0.9586      0.38988462154724945    
  0.9590500000000001      0.39023289026969904    
  0.9595      0.3905813033738239    
  0.9599500000000001      0.39092986073281344    
  0.9604      0.39127856221966    
  0.96085      0.3916274077071918    
  0.9613      0.3919763970680436    
  0.96175      0.3923255301746742    
  0.9622      0.392674806899357    
  0.96265      0.3930242271141952    
  0.9631000000000001      0.393373790691112    
  0.96355      0.39372349750184144    
  0.964      0.39407334741793515    
  0.96445      0.3944233403107935    
  0.9649000000000001      0.3947734760516133    
  0.96535      0.39512375451141124    
  0.9658      0.3954741755610474    
  0.96625      0.395824739071184    
  0.9667      0.39617544491230977    
  0.9671500000000001      0.39652629295475433    
  0.9676      0.3968772830686442    
  0.9680500000000001      0.39722841512394    
  0.9685      0.39757968899044654    
  0.96895      0.3979311045377521    
  0.9694      0.3982826616352991    
  0.96985      0.39863436015234116    
  0.9703      0.39898619995797235    
  0.97075      0.3993381809211037    
  0.9712000000000001      0.39969030291045415    
  0.97165      0.4000425657945884    
  0.9721      0.4003949694419169    
  0.97255      0.40074751372061185    
  0.9730000000000001      0.40110019849874934    
  0.97345      0.40145302364417224    
  0.9739      0.4018059890245808    
  0.97435      0.40215909450749276    
  0.9748      0.4025123399602675    
  0.9752500000000001      0.40286572525007386    
  0.9757      0.4032192502439043    
  0.9761500000000001      0.4035729148086204    
  0.9766      0.4039267188108556    
  0.97705      0.4042806621171225    
  0.9775      0.40463474459372983    
  0.9779500000000001      0.4049889661068298    
  0.9784      0.4053433265224098    
  0.97885      0.4056978257062804    
  0.9793000000000001      0.406052463524072    
  0.97975      0.4064072398412731    
  0.9802000000000001      0.4067621545231772    
  0.98065      0.4071172074349138    
  0.9811000000000001      0.4074723984414534    
  0.98155      0.4078277274076178    
  0.982      0.40818319419800825    
  0.98245      0.408538798677099    
  0.9829      0.4088945407092001    
  0.9833500000000001      0.40925042015842955    
  0.9838      0.4096064368887499    
  0.9842500000000001      0.4099625907639685    
  0.9847      0.4103188816476999    
  0.98515      0.41067530940344116    
  0.9856      0.4110318738944591    
  0.9860500000000001      0.41138857498390785    
  0.9865      0.41174541253476105    
  0.98695      0.4121023864098288    
  0.9874      0.4124594964717335    
  0.98785      0.4128167425829854    
  0.9883000000000001      0.41317412460587916    
  0.98875      0.4135316424025744    
  0.9892000000000001      0.41388929583506523    
  0.98965      0.4142470847651681    
  0.9901      0.4146050090545652    
  0.99055      0.4149630685647422    
  0.991      0.4153212631570553    
  0.99145      0.4156795926926696    
  0.9919      0.4160380570326288    
  0.9923500000000001      0.41639665603776843    
  0.9928      0.41675538956880687    
  0.99325      0.41711425748626674    
  0.9937      0.4174732596505303    
  0.9941500000000001      0.4178323959218246    
  0.9946      0.41819166616020154    
  0.99505      0.418551070225565    
  0.9955      0.41891060797767177    
  0.99595      0.41927027927607924    
  0.9964000000000001      0.4196300839802257    
  0.99685      0.4199900219493859    
  0.9973000000000001      0.42035009304266874    
  0.99775      0.420710297119039    
  0.9982      0.42107063403727324    
  0.99865      0.4214311036560328    
  0.9991000000000001      0.4217917058337847    
  0.99955      0.4221524404288698    
  1.      0.422513307299469   
