 0.10045000000000001      -0.26221445899226303    
  0.1009      -0.2621746155455633    
  0.10135000000000001      -0.2621345964488247    
  0.1018      -0.26209440173480486    
  0.10225000000000001      -0.26205403143645595    
  0.1027      -0.26201348558668763    
  0.10315      -0.2619727642187739    
  0.10360000000000001      -0.26193186736592855    
  0.10405      -0.261890795061725    
  0.10450000000000001      -0.2618495473397148    
  0.10495      -0.2618081242336587    
  0.10540000000000001      -0.26176652577752574    
  0.10585      -0.2617247520052653    
  0.1063      -0.2616828029511502    
  0.10675000000000001      -0.2616406786494944    
  0.1072      -0.2615983791348267    
  0.10765000000000001      -0.2615559044417479    
  0.1081      -0.2615132546050571    
  0.10855000000000001      -0.2614704296596743    
  0.10900000000000001      -0.26142742964069965    
  0.10945      -0.2613842545833572    
  0.10990000000000001      -0.26134090452300024    
  0.11035      -0.2612973794952071    
  0.11080000000000001      -0.2612536795355312    
  0.11125      -0.2612098046799403    
  0.11170000000000001      -0.2611657549642398    
  0.11215      -0.26112153042463104    
  0.1126      -0.2610771310973427    
  0.11305000000000001      -0.261032557018762    
  0.1135      -0.2609878082254507    
  0.11395000000000001      -0.2609428847541057    
  0.1144      -0.26089778664160274    
  0.11485000000000001      -0.26085251392483977    
  0.11530000000000001      -0.2608070666410214    
  0.11575      -0.26076144482740604    
  0.11620000000000001      -0.2607156485214219    
  0.11665      -0.2606696777606651    
  0.11710000000000001      -0.26062353258286464    
  0.11755000000000002      -0.2605772130258365    
  0.11800000000000001      -0.26053071912764714    
  0.11845      -0.26048405092639926    
  0.1189      -0.26043720846051155    
  0.11935000000000001      -0.2603901917683395    
  0.1198      -0.26034300088855516    
  0.12025000000000001      -0.2602956358598335    
  0.1207      -0.26024809672115035    
  0.12115000000000001      -0.2602003835115182    
  0.12160000000000001      -0.26015249627011283    
  0.12205      -0.26010443503630265    
  0.12250000000000001      -0.26005619984961487    
  0.12295      -0.26000779074958696    
  0.12340000000000001      -0.25995920777603604    
  0.12385000000000002      -0.2599104509689509    
  0.12430000000000001      -0.25986152036830074    
  0.12475      -0.25981241601441196    
  0.1252      -0.25976313794758993    
  0.12565      -0.2597136862083976    
  0.12610000000000002      -0.2596640608374257    
  0.12655      -0.2596142618755761    
  0.127      -0.25956428936370735    
  0.12745      -0.259514143343008    
  0.1279      -0.2594638238546923    
  0.12835000000000002      -0.2594133309402149    
  0.1288      -0.25936266464100954    
  0.12925      -0.2593118249989206    
  0.1297      -0.2592608120556519    
  0.13015000000000002      -0.2592096258532503    
  0.1306      -0.25915826643390366    
  0.13105      -0.25910673383979665    
  0.1315      -0.2590550281134379    
  0.13195      -0.25900314929733287    
  0.13240000000000002      -0.2589510974343261    
  0.13285000000000002      -0.25889887256717403    
  0.1333      -0.25884647473892514    
  0.13375      -0.2587939039928248    
  0.1342      -0.25874116037205713    
  0.13465      -0.2586882439202177    
  0.1351      -0.2586351546808294    
  0.13555      -0.25858189269766124    
  0.136      -0.25852845801467045    
  0.13645000000000002      -0.25847485067587384    
  0.13690000000000002      -0.2584210707254046    
  0.13735      -0.25836711820773367    
  0.1378      -0.2583129931672758    
  0.13825      -0.25825869564869175    
  0.13870000000000002      -0.2582042256968154    
  0.13915      -0.2581495833565118    
  0.1396      -0.2580947686729494    
  0.14005      -0.2580397816912998    
  0.1405      -0.25798462245693315    
  0.14095000000000002      -0.257929291015388    
  0.14140000000000003      -0.2578737874124239    
  0.14185      -0.2578181116937512    
  0.1423      -0.2577622639053996    
  0.14275000000000002      -0.25770624409346066    
  0.1432      -0.2576500523042049    
  0.14365      -0.2575936885840768    
  0.1441      -0.2575371529796308    
  0.14455      -0.257480445537538    
  0.14500000000000002      -0.2574235663046838    
  0.14545000000000002      -0.25736651532809224    
  0.1459      -0.2573092926548734    
  0.14635      -0.2572518983323838    
  0.1468      -0.25719433240802314    
  0.14725000000000002      -0.2571365949293985    
  0.1477      -0.257078685944299    
  0.14815      -0.257020605500498    
  0.1486      -0.25696235364617565    
  0.14905000000000002      -0.25690393042942583    
  0.14950000000000002      -0.2568453358986274    
  0.14995      -0.2567865701022285    
  0.1504      -0.25672763308894714    
  0.15085      -0.25666852490743675    
  0.15130000000000002      -0.2566092456067137    
  0.15175      -0.2565497952358212    
  0.1522      -0.2564901738439949    
  0.15265      -0.25643038148058056    
  0.1531      -0.2563704181951527    
  0.15355000000000002      -0.2563102840372768    
  0.15400000000000003      -0.25624997905688035    
  0.15445      -0.2561895033038468    
  0.1549      -0.2561288568283092    
  0.15535000000000002      -0.25606803968054026    
  0.1558      -0.2560070519109548    
  0.15625      -0.2559458935700646    
  0.1567      -0.2558845647086219    
  0.15715      -0.2558230653774594    
  0.15760000000000002      -0.2557613956275138    
  0.15805000000000002      -0.2556995555100551    
  0.1585      -0.25563754507629277    
  0.15895      -0.25557536437771367    
  0.15940000000000001      -0.2555130134658314    
  0.15985000000000002      -0.2554504923924715    
  0.1603      -0.2553878012094851    
  0.16075      -0.2553249399689288    
  0.1612      -0.2552619087229617    
  0.16165000000000002      -0.2551987075238809    
  0.16210000000000002      -0.2551353364242928    
  0.16255000000000003      -0.2550717954766663    
  0.163      -0.25500808473392994    
  0.16345      -0.25494420424886916    
  0.16390000000000002      -0.2548801540746684    
  0.16435      -0.2548159342645015    
  0.1648      -0.25475154487170354    
  0.16525      -0.25468698594982225    
  0.16570000000000001      -0.25462225755260925    
  0.16615000000000002      -0.2545573597337516    
  0.16660000000000003      -0.2544922925472853    
  0.16705000000000003      -0.2544270560472517    
  0.1675      -0.25436165028802715    
  0.16795000000000002      -0.2542960753239022    
  0.1684      -0.2542303312094599    
  0.16885      -0.25416441799947614    
  0.1693      -0.25409833574875357    
  0.16975      -0.254032084512307    
  0.17020000000000002      -0.2539656643452587    
  0.17065000000000002      -0.2538990753029259    
  0.17110000000000003      -0.25383231744073453    
  0.17155      -0.2537653908143228    
  0.17200000000000001      -0.2536982954794062    
  0.17245      -0.2536310314919085    
  0.1729      -0.2535635989078607    
  0.17335      -0.25349599778337784    
  0.1738      -0.2534282281749127    
  0.17425000000000002      -0.2533602901388982    
  0.17470000000000002      -0.2532921837319252    
  0.17515000000000003      -0.2532239090108614    
  0.1756      -0.2531554660326196    
  0.17605      -0.25308685485423926    
  0.17650000000000002      -0.25301807553296923    
  0.17695      -0.2529491281261841    
  0.1774      -0.252880012691421    
  0.17785      -0.25281072928641013    
  0.17830000000000001      -0.2527412779688397    
  0.17875000000000002      -0.2526716587968123    
  0.17920000000000003      -0.2526018718283849    
  0.17965000000000003      -0.25253191712182754    
  0.1801      -0.252461794735609    
  0.18055000000000002      -0.25239150472823196    
  0.181      -0.25232104715849973    
  0.18145      -0.2522504220851556    
  0.1819      -0.252179629567321    
  0.18235      -0.2521086696640781    
  0.18280000000000002      -0.2520375424348028    
  0.18325000000000002      -0.2519662479389447    
  0.18370000000000003      -0.25189478623605    
  0.18415      -0.25182315738597727    
  0.18460000000000001      -0.25175136144853894    
  0.18505000000000002      -0.2516793984838959    
  0.1855      -0.2516072685521674    
  0.18595      -0.2515349717137016    
  0.1864      -0.2514625080290378    
  0.18685000000000002      -0.25138987755879194    
  0.18730000000000002      -0.2513170803638086    
  0.18775000000000003      -0.251244116505076    
  0.18820000000000003      -0.2511709860435589    
  0.18865      -0.25109768904061536    
  0.18910000000000002      -0.2510242255576122    
  0.18955      -0.2509505956560782    
  0.19      -0.2508767993977021    
  0.19045      -0.25080283684435134    
  0.19090000000000001      -0.2507287080579994    
  0.19135000000000002      -0.2506544131007851    
  0.19180000000000003      -0.2505799520350192    
  0.19225000000000003      -0.2505053249231097    
  0.1927      -0.2504305318277216    
  0.19315000000000002      -0.2503555728115007    
  0.1936      -0.25028044793735127    
  0.19405      -0.25020515726831993    
  0.1945      -0.2501297008675798    
  0.19495      -0.25005407879848657    
  0.19540000000000002      -0.2499782911245317    
  0.19585000000000002      -0.2499023379093241    
  0.19630000000000003      -0.24982621921660841    
  0.19675      -0.24974993511036353    
  0.19720000000000001      -0.24967348565469247    
  0.19765000000000002      -0.24959687091375765    
  0.1981      -0.24952009095196567    
  0.19855      -0.2494431458338515    
  0.199      -0.2493660356240402    
  0.19945000000000002      -0.2492887603874729    
  0.19990000000000002      -0.249211320188979    
  0.20035000000000003      -0.249133715093767    
  0.20080000000000003      -0.24905594516710342    
  0.20125      -0.24897801047437007    
  0.20170000000000002      -0.24889991108122161    
  0.20215      -0.24882164705323975    
  0.2026      -0.24874321845640407    
  0.20305      -0.24866462535674766    
  0.20350000000000001      -0.2485858678203363    
  0.20395000000000002      -0.2485069459135784    
  0.20440000000000003      -0.24842785970288872    
  0.20485000000000003      -0.24834860925491226    
  0.2053      -0.2482691946363729    
  0.20575000000000002      -0.24818961591425054    
  0.20620000000000002      -0.24810987315555608    
  0.20665      -0.2480299664275059    
  0.2071      -0.2479498957974809    
  0.20755      -0.2478696613330066    
  0.20800000000000002      -0.24778926310169633    
  0.20845000000000002      -0.24770870117136273    
  0.20890000000000003      -0.2476279756100422    
  0.20935000000000004      -0.2475470864857489    
  0.20980000000000001      -0.2474660338668088    
  0.21025000000000002      -0.2473848178215905    
  0.2107      -0.24730343841872132    
  0.21115      -0.2472218957267597    
  0.2116      -0.2471401898147015    
  0.21205000000000002      -0.24705832075151155    
  0.21250000000000002      -0.24697628860632098    
  0.21295000000000003      -0.2468940934484646    
  0.21340000000000003      -0.24681173534739842    
  0.21385      -0.24672921437269088    
  0.21430000000000002      -0.2466465305941032    
  0.21475      -0.24656368408160748    
  0.2152      -0.2464806749051846    
  0.21565      -0.24639750313501205    
  0.21610000000000001      -0.24631416884149263    
  0.21655000000000002      -0.24623067209515692    
  0.21700000000000003      -0.24614701296655964    
  0.21745000000000003      -0.24606319152660436    
  0.2179      -0.24597920784616784    
  0.21835000000000002      -0.24589506199635477    
  0.21880000000000002      -0.24581075404844727    
  0.21925      -0.24572628407385358    
  0.2197      -0.2456416521440755    
  0.22015      -0.2455568583308267    
  0.22060000000000002      -0.24547190270599822    
  0.22105000000000002      -0.24538678534152347    
  0.22150000000000003      -0.24530150630956227    
  0.22195000000000004      -0.24521606568243615    
  0.22240000000000001      -0.24513046353259343    
  0.22285000000000002      -0.24504469993261013    
  0.2233      -0.24495877495520205    
  0.22375      -0.2448726886733194    
  0.2242      -0.24478644115998172    
  0.22465000000000002      -0.24470003248837277    
  0.22510000000000002      -0.24461346273192142    
  0.22555000000000003      -0.24452673196394809    
  0.226      -0.24443984025828241    
  0.22645      -0.24435278768860222    
  0.22690000000000002      -0.24426557432887358    
  0.22735000000000002      -0.24417820025321046    
  0.22780000000000003      -0.2440906655358337    
  0.22825      -0.2440029702511608    
  0.22870000000000001      -0.24391511447367023    
  0.22915000000000002      -0.24382709827813123    
  0.22960000000000003      -0.24373892173939074    
  0.23005      -0.24365058493237438    
  0.2305      -0.2435620879322018    
  0.23095000000000002      -0.24347343081425024    
  0.23140000000000002      -0.24338461365396    
  0.23185000000000003      -0.24329563652682953    
  0.2323      -0.24320649950872114    
  0.23275      -0.24311720267537082    
  0.23320000000000002      -0.24302774610299138    
  0.23365000000000002      -0.24293812986761013    
  0.23410000000000003      -0.24284835404571106    
  0.23455      -0.24275841871365636    
  0.23500000000000001      -0.2426683239481525    
  0.23545000000000002      -0.24257806982601324    
  0.23590000000000003      -0.24248765642413617    
  0.23635      -0.24239708381962197    
  0.2368      -0.24230635208966983    
  0.23725000000000002      -0.24221546131173724    
  0.23770000000000002      -0.2421244115633428    
  0.23815000000000003      -0.24203320292211453    
  0.2386      -0.24194183546594483    
  0.23905      -0.24185030927284598    
  0.23950000000000002      -0.24175862442089616    
  0.23995000000000002      -0.24166678098843397    
  0.24040000000000003      -0.24157477905380628    
  0.24085      -0.24148261869573703    
  0.24130000000000001      -0.24139029999286296    
  0.24175000000000002      -0.24129782302409528    
  0.24220000000000003      -0.2412051878685403    
  0.24265000000000003      -0.24111239460526293    
  0.2431      -0.24101944331364378    
  0.24355000000000002      -0.2409263340731989    
  0.24400000000000002      -0.24083306696361576    
  0.24445000000000003      -0.2407396420645626    
  0.2449      -0.240646059456028    
  0.24535      -0.24055231921812303    
  0.24580000000000002      -0.24045842143103893    
  0.24625000000000002      -0.24036436617522577    
  0.24670000000000003      -0.24027015353112538    
  0.24715      -0.24017578357952535    
  0.24760000000000001      -0.24008125640119246    
  0.24805000000000002      -0.23998657207715068    
  0.24850000000000003      -0.23989173068851713    
  0.24895000000000003      -0.23979673231660692    
  0.2494      -0.23970157704280862    
  0.24985000000000002      -0.23960626494873857    
  0.2503      -0.23951079611614254    
  0.25075000000000003      -0.23941517062690562    
  0.2512      -0.2393193885629946    
  0.25165000000000004      -0.2392234500067021    
  0.2521      -0.23912735504027666    
  0.25255000000000005      -0.23903110374626832    
  0.253      -0.23893469620729946    
  0.25345      -0.23883813250611768    
  0.2539      -0.23874141272570645    
  0.25435      -0.23864453694911317    
  0.2548      -0.2385475052595928    
  0.25525000000000003      -0.23845031774056552    
  0.25570000000000004      -0.23835297447548762    
  0.25615      -0.23825547554812082    
  0.25660000000000005      -0.23815782104225378    
  0.25705      -0.23806001104190677    
  0.2575      -0.23796204563122292    
  0.25795      -0.23786392489442276    
  0.2584      -0.2377656489160064    
  0.25885      -0.23766721778051506    
  0.25930000000000003      -0.23756863157275268    
  0.25975000000000004      -0.23746989037749847    
  0.2602      -0.23737099427992633    
  0.26065000000000005      -0.23727194336507132    
  0.2611      -0.23717273771837752    
  0.26155000000000006      -0.23707337742531745    
  0.262      -0.23697386257150418    
  0.26245      -0.23687419324271694    
  0.2629      -0.23677436952490627    
  0.26335000000000003      -0.23667439150415656    
  0.26380000000000003      -0.2365742592667028    
  0.26425      -0.23647397289893451    
  0.26470000000000005      -0.2363735324873934    
  0.26515      -0.23627293811875325    
  0.26560000000000006      -0.23617218987984673    
  0.26605      -0.2360712878576812    
  0.2665      -0.2359702321393961    
  0.26695      -0.23586902281218725    
  0.2674      -0.2357676599636314    
  0.26785000000000003      -0.2356661436812425    
  0.2683      -0.23556447405275072    
  0.26875000000000004      -0.23546265116606369    
  0.2692      -0.23536067510919725    
  0.26965000000000006      -0.23525854597035872    
  0.2701      -0.23515626383787203    
  0.27055      -0.23505382880021333    
  0.271      -0.2349512409460298    
  0.27145      -0.23484850036411697    
  0.27190000000000003      -0.2347456071434093    
  0.27235      -0.23464256137297504    
  0.27280000000000004      -0.2345393631420667    
  0.27325      -0.23443601254004232    
  0.27370000000000005      -0.23433250965645805    
  0.27415      -0.23422885458104473    
  0.2746      -0.234125047403591    
  0.27505      -0.23402108821402032    
  0.2755      -0.23391697710260642    
  0.27595000000000003      -0.2338127141594938    
  0.27640000000000003      -0.23370829947521102    
  0.27685000000000004      -0.2336037331403215    
  0.2773      -0.233499015245562    
  0.27775000000000005      -0.23339414588179852    
  0.2782      -0.2332891251401376    
  0.27865      -0.23318395311163156    
  0.2791      -0.23307862988772823    
  0.27955      -0.23297315555988082    
  0.28      -0.23286753021969092    
  0.28045000000000003      -0.232761753958987    
  0.28090000000000004      -0.23265582686968875    
  0.28135      -0.23254974904387776    
  0.28180000000000005      -0.2324435205737791    
  0.28225      -0.23233714155177956    
  0.28270000000000006      -0.2322306120704405    
  0.28315      -0.23212393222240477    
  0.2836      -0.23201710210051646    
  0.28405      -0.2319101217978093    
  0.28450000000000003      -0.23180299140733454    
  0.28495000000000004      -0.2316957110224564    
  0.2854      -0.23158828073653676    
  0.28585000000000005      -0.23148070064320744    
  0.2863      -0.23137297083615105    
  0.28675000000000006      -0.23126509140928922    
  0.2872      -0.231157062456656    
  0.28765      -0.231048884072446    
  0.2881      -0.23094055635092986    
  0.28855000000000003      -0.23083207938665531    
  0.28900000000000003      -0.2307234532742163    
  0.28945      -0.23061467810839553    
  0.28990000000000005      -0.23050575398414166    
  0.29035      -0.23039668099649332    
  0.29080000000000006      -0.23028745924076768    
  0.29125      -0.23017808881222568    
  0.2917      -0.2300685698065066    
  0.29215      -0.22995890231922322    
  0.2926      -0.2298490864462019    
  0.29305000000000003      -0.22973912228349277    
  0.2935      -0.22962900992711102    
  0.29395000000000004      -0.22951874947342998    
  0.2944      -0.22940834101884902    
  0.29485000000000006      -0.2292977846599274    
  0.2953      -0.2291870804934214    
  0.29575      -0.22907622861616211    
  0.2962      -0.2289652291252406    
  0.29665      -0.22885408211775923    
  0.29710000000000003      -0.22874278769106268    
  0.29755000000000004      -0.22863134594269333    
  0.29800000000000004      -0.2285197569701998    
  0.29845      -0.22840802087140888    
  0.29890000000000005      -0.2282961377441576    
  0.29935      -0.22818410768662847    
  0.2998      -0.22807193079696111    
  0.30025      -0.2279596071735589    
  0.3007      -0.22784713691493264    
  0.30115000000000003      -0.22773452011977297    
  0.30160000000000003      -0.22762175688689582    
  0.30205000000000004      -0.2275088473152606    
  0.3025      -0.227395791503973    
  0.30295000000000005      -0.227282589552361    
  0.3034      -0.227169241559733    
  0.30385000000000006      -0.22705574762574185    
  0.3043      -0.22694210785011365    
  0.30475      -0.22682832233267441    
  0.3052      -0.2267143911734695    
  0.30565000000000003      -0.22660031447262746    
  0.30610000000000004      -0.22648609233050038    
  0.30655      -0.22637172484748413    
  0.30700000000000005      -0.22625721212426975    
  0.30745      -0.2261425542615598    
  0.30790000000000006      -0.22602775136034897    
  0.30835      -0.2259128035216059    
  0.3088      -0.22579771084656475    
  0.30925      -0.2256824734366003    
  0.30970000000000003      -0.2255670913932141    
  0.31015000000000004      -0.2254515648181044    
  0.3106      -0.22533589381302754    
  0.31105000000000005      -0.22522007847991407    
  0.3115      -0.22510411892092796    
  0.31195000000000006      -0.22498801523833606    
  0.3124      -0.22487176753445717    
  0.31285      -0.2247553759118971    
  0.3133      -0.2246388404733405    
  0.31375000000000003      -0.22452216132168296    
  0.31420000000000003      -0.2244053385598637    
  0.31465      -0.22428837229108212    
  0.31510000000000005      -0.22417126261859704    
  0.31555      -0.22405400964589467    
  0.31600000000000006      -0.22393661347652213    
  0.31645      -0.22381907421422056    
  0.3169      -0.22370139196294045    
  0.31735      -0.22358356682669178    
  0.3178      -0.2234655989096461    
  0.31825000000000003      -0.22334748831618598    
  0.31870000000000004      -0.22322923515075033    
  0.31915000000000004      -0.2231108395180102    
  0.3196      -0.22299230152274477    
  0.32005000000000006      -0.22287362126990787    
  0.3205      -0.22275479886458405    
  0.32095      -0.2226358344119299    
  0.3214      -0.22251672801740244    
  0.32185      -0.22239747978651273    
  0.32230000000000003      -0.22227808982491928    
  0.32275000000000004      -0.22215855823850575    
  0.32320000000000004      -0.22203888513319664    
  0.32365      -0.22191907061511884    
  0.32410000000000005      -0.22179911479059783    
  0.32455      -0.2216790177660111    
  0.32500000000000007      -0.22155877964791046    
  0.32545      -0.22143840054304054    
  0.3259      -0.22131788055825705    
  0.32635000000000003      -0.22119721980062537    
  0.32680000000000003      -0.22107641837722214    
  0.32725000000000004      -0.22095547639546437    
  0.3277      -0.2208343939627353    
  0.32815000000000005      -0.22071317118668843    
  0.3286      -0.22059180817504054    
  0.32905000000000006      -0.22047030503568685    
  0.3295      -0.2203486618767788    
  0.32995      -0.22022687880641573    
  0.3304      -0.22010495593298682    
  0.33085000000000003      -0.21998289336502477    
  0.33130000000000004      -0.21986069121114504    
  0.33175000000000004      -0.21973834958011404    
  0.33220000000000005      -0.21961586858094814    
  0.33265      -0.2194932483226556    
  0.3331      -0.2193704889145372    
  0.33355      -0.2192475904659879    
  0.334      -0.219124553086532    
  0.33445      -0.2190013768858138    
  0.33490000000000003      -0.21887806197372883    
  0.33535000000000004      -0.2187546084602111    
  0.33580000000000004      -0.21863101645537306    
  0.33625000000000005      -0.21850728606956912    
  0.33670000000000005      -0.21838341741316766    
  0.33715      -0.21825941059677517    
  0.3376      -0.21813526573104694    
  0.33805      -0.2180109829269425    
  0.3385      -0.21788656229539008    
  0.33895000000000003      -0.21776200394764886    
  0.33940000000000003      -0.21763730799491596    
  0.33985000000000004      -0.21751247454876102    
  0.34030000000000005      -0.21738750372071344    
  0.34075000000000005      -0.21726239562258073    
  0.3412      -0.21713715036622552    
  0.34165      -0.21701176806372968    
  0.3421      -0.21688624882729202    
  0.34255      -0.21676059276917886    
  0.343      -0.21663480000201224    
  0.34345000000000003      -0.2165088706383582    
  0.34390000000000004      -0.21638280479099636    
  0.34435000000000004      -0.2162566025728755    
  0.34480000000000005      -0.21613026409708047    
  0.34525000000000006      -0.21600378947688204    
  0.3457      -0.21587717882556368    
  0.34615      -0.21575043225675328    
  0.3466      -0.21562354988405352    
  0.34705      -0.2154965318213276    
  0.34750000000000003      -0.21536937818250027    
  0.34795000000000004      -0.21524208908170325    
  0.34840000000000004      -0.2151146646332157    
  0.34885000000000005      -0.21498710495140463    
  0.34930000000000005      -0.21485941015088264    
  0.34975      -0.2147315803462766    
  0.3502      -0.21460361565251718    
  0.35065      -0.21447551618454916    
  0.3511      -0.2143472820575243    
  0.35155000000000003      -0.21421891338671933    
  0.35200000000000004      -0.21409041028761355    
  0.35245000000000004      -0.21396177287576798    
  0.35290000000000005      -0.21383300126692656    
  0.35335000000000005      -0.21370409557692593    
  0.3538      -0.21357505592181092    
  0.35425      -0.2134458824177715    
  0.3547      -0.21331657518108893    
  0.35515      -0.21318713432827355    
  0.3556      -0.21305755997589232    
  0.35605000000000003      -0.21292785224073998    
  0.35650000000000004      -0.21279801123965503    
  0.35695000000000005      -0.2126680370897722    
  0.35740000000000005      -0.21253792990822853    
  0.35785      -0.2124076898124289    
  0.3583      -0.2122773169197973    
  0.35875      -0.2121468113479736    
  0.3592      -0.21201617321477262    
  0.35965      -0.21188540263811584    
  0.36010000000000003      -0.21175449973608798    
  0.36055000000000004      -0.21162346462684997    
  0.36100000000000004      -0.21149229742887032    
  0.36145000000000005      -0.21136099826056187    
  0.3619      -0.21122956724063233    
  0.36235000000000006      -0.21109800448789529    
  0.3628      -0.21096631012126132    
  0.36325      -0.21083448425988138    
  0.3637      -0.2107025270229518    
  0.36415000000000003      -0.21057043852989354    
  0.36460000000000004      -0.21043821890020403    
  0.36505000000000004      -0.21030586825360809    
  0.36550000000000005      -0.21017338670989003    
  0.36595000000000005      -0.21004077438904353    
  0.36640000000000006      -0.20990803141118625    
  0.36685      -0.20977515789661985    
  0.3673      -0.20964215396564503    
  0.36775      -0.20950901973892927    
  0.3682      -0.20937575533711625    
  0.36865000000000003      -0.20924236088104103    
  0.36910000000000004      -0.2091088364917145    
  0.36955000000000005      -0.20897518229028955    
  0.37000000000000005      -0.20884139839799803    
  0.37045000000000006      -0.2087074849363136    
  0.3709      -0.20857344202678732    
  0.37135      -0.2084392697911447    
  0.3718      -0.20830496835123782    
  0.37225      -0.208170537829078    
  0.37270000000000003      -0.20803597834679002    
  0.37315000000000004      -0.2079012900267185    
  0.37360000000000004      -0.20776647299129095    
  0.37405000000000005      -0.20763152736308818    
  0.37450000000000006      -0.2074964532648233    
  0.37495      -0.20736125081939655    
  0.3754      -0.20722592014985564    
  0.37585      -0.20709046137926854    
  0.3763      -0.20695487463102188    
  0.37675000000000003      -0.20681916002858836    
  0.37720000000000004      -0.20668331769548456    
  0.37765000000000004      -0.20654734775555444    
  0.37810000000000005      -0.20641125033261704    
  0.37855000000000005      -0.20627502555073562    
  0.379      -0.20613867353406273    
  0.37945      -0.20600219440694875    
  0.3799      -0.20586558829386814    
  0.38035      -0.2057288553194022    
  0.3808      -0.2055919956082954    
  0.38125000000000003      -0.2054550092854512    
  0.38170000000000004      -0.20531789647591372    
  0.38215000000000005      -0.20518065730488605    
  0.38260000000000005      -0.20504329189769935    
  0.38305      -0.20490580037986184    
  0.38350000000000006      -0.2047681828769228    
  0.38395      -0.20463043951463963    
  0.3844      -0.20449257041894695    
  0.38485      -0.20435457571590726    
  0.38530000000000003      -0.20421645553172396    
  0.38575000000000004      -0.2040782099927241    
  0.38620000000000004      -0.20393983922533346    
  0.38665000000000005      -0.2038013433562294    
  0.38710000000000006      -0.2036627225121567    
  0.38755000000000006      -0.2035239768200798    
  0.388      -0.20338510640695887    
  0.38845      -0.20324611140006088    
  0.3889      -0.20310699192673268    
  0.38935000000000003      -0.20296774811439458    
  0.38980000000000004      -0.20282838009070864    
  0.39025000000000004      -0.20268888798344684    
  0.39070000000000005      -0.20254927192051042    
  0.39115000000000005      -0.2024095320300019    
  0.39160000000000006      -0.2022696684400588    
  0.39205      -0.20212968127900477    
  0.3925      -0.20198957067542583    
  0.39295      -0.2018493367578327    
  0.3934      -0.20170897965511125    
  0.39385000000000003      -0.20156849949602398    
  0.39430000000000004      -0.20142789640976191    
  0.39475000000000005      -0.20128717052548564    
  0.39520000000000005      -0.20114632197247218    
  0.39565000000000006      -0.2010053508802829    
  0.3961      -0.20086425737847916    
  0.39655      -0.20072304159687818    
  0.397      -0.20058170366536918    
  0.39745      -0.20044024371395935    
  0.39790000000000003      -0.20029866187290776    
  0.39835000000000004      -0.20015695827250019    
  0.39880000000000004      -0.20001513304325044    
  0.39925000000000005      -0.19987318631576215    
  0.39970000000000006      -0.19973111822078393    
  0.40015      -0.19958892888918972    
  0.40060000000000007      -0.1994466184520911    
  0.40105      -0.19930418704065012    
  0.4015      -0.19916163478612917    
  0.40195000000000003      -0.19901896182008974    
  0.40240000000000004      -0.19887616827408383    
  0.40285000000000004      -0.19873325427986746    
  0.40330000000000005      -0.1985902199693974    
  0.40375000000000005      -0.19844706547459992    
  0.4042      -0.19830379092770942    
  0.40465000000000007      -0.19816039646102454    
  0.4051      -0.19801688220701583    
  0.40555      -0.1978732482982299    
  0.406      -0.19772949486752395    
  0.40645000000000003      -0.19758562204765862    
  0.40690000000000004      -0.19744162997169362    
  0.40735000000000005      -0.1972975187728114    
  0.40780000000000005      -0.19715328858426748    
  0.40825      -0.19700893953951304    
  0.40870000000000006      -0.19686447177219152    
  0.40915      -0.19671988541593036    
  0.4096      -0.19657518060466403    
  0.41005      -0.19643035747237275    
  0.41050000000000003      -0.19628541615319975    
  0.41095000000000004      -0.19614035678139805    
  0.41140000000000004      -0.1959951794914805    
  0.41185000000000005      -0.19584988441789858    
  0.41230000000000006      -0.19570447169543    
  0.41275000000000006      -0.19555894145887773    
  0.4132      -0.19541329384322204    
  0.41365      -0.19526752898363556    
  0.4141      -0.19512164701536322    
  0.41455000000000003      -0.19497564807375817    
  0.41500000000000004      -0.1948295322944208    
  0.41545000000000004      -0.19468329981296748    
  0.41590000000000005      -0.1945369507653023    
  0.41635000000000005      -0.1943904852873273    
  0.41680000000000006      -0.19424390351512533    
  0.41725      -0.19409720558500063    
  0.4177      -0.1939503916332711    
  0.41815      -0.19380346179650668    
  0.4186      -0.19365641621130825    
  0.41905000000000003      -0.1935092550144498    
  0.41950000000000004      -0.19336197834292856    
  0.41995000000000005      -0.1932145863338028    
  0.42040000000000005      -0.19306707912425566    
  0.42085000000000006      -0.1929194568516604    
  0.4213      -0.19277171965348291    
  0.42175000000000007      -0.19262386766736517    
  0.4222      -0.19247590103107262    
  0.42265      -0.19232781988247943    
  0.42310000000000003      -0.19217962435961858    
  0.42355000000000004      -0.1920313146006987    
  0.42400000000000004      -0.1918828907440509    
  0.42445000000000005      -0.19173435292808663    
  0.42490000000000006      -0.19158570129141855    
  0.42535      -0.19143693597280526    
  0.42580000000000007      -0.1912880571110297    
  0.42625      -0.19113906484513477    
  0.4267      -0.1909899593143    
  0.42715000000000003      -0.19084074065780035    
  0.42760000000000004      -0.19069140901500392    
  0.42805000000000004      -0.19054196452548267    
  0.42850000000000005      -0.19039240732893378    
  0.42895000000000005      -0.19024273756516683    
  0.4294      -0.19009295537421375    
  0.42985000000000007      -0.18994306089611368    
  0.4303      -0.18979305427111368    
  0.43075      -0.18964293563957094    
  0.4312      -0.18949270514205166    
  0.43165000000000003      -0.18934236291915643    
  0.43210000000000004      -0.18919190911172026    
  0.43255000000000005      -0.18904134386059818    
  0.43300000000000005      -0.18889066730688564    
  0.43345      -0.18873987959180202    
  0.43390000000000006      -0.1885889808566143    
  0.43435      -0.1884379712428401    
  0.4348      -0.18828685089205605    
  0.43525      -0.18813561994603692    
  0.43570000000000003      -0.18798427854660707    
  0.43615000000000004      -0.18783282683578767    
  0.43660000000000004      -0.18768126495577134    
  0.43705000000000005      -0.1875295930487931    
  0.43750000000000006      -0.18737781125723013    
  0.43795000000000006      -0.1872259197237464    
  0.4384      -0.18707391859098746    
  0.43885      -0.18692180800166977    
  0.4393      -0.18676958809890015    
  0.43975000000000003      -0.1866172590256749    
  0.44020000000000004      -0.18646482092528538    
  0.44065000000000004      -0.18631227394101466    
  0.44110000000000005      -0.18615961821646498    
  0.44155000000000005      -0.1860068538951684    
  0.44200000000000006      -0.18585398112094265    
  0.44245      -0.1857010000376867    
  0.44290000000000007      -0.18554791078941943    
  0.44335      -0.18539471352031572    
  0.44380000000000003      -0.18524140837466177    
  0.44425000000000003      -0.18508799549696706    
  0.44470000000000004      -0.18493447503169924    
  0.44515000000000005      -0.1847808471236634    
  0.44560000000000005      -0.18462711191759446    
  0.44605000000000006      -0.18447326955854787    
  0.4465      -0.1843193201915863    
  0.44695000000000007      -0.18416526396201555    
  0.4474      -0.18401110101511364    
  0.44785      -0.18385683149645227    
  0.44830000000000003      -0.18370245555165549    
  0.44875000000000004      -0.1835479733264777    
  0.44920000000000004      -0.18339338496685828    
  0.44965000000000005      -0.18323869061881617    
  0.45010000000000006      -0.18308389042854084    
  0.45055      -0.18292898454231185    
  0.45100000000000007      -0.18277397310658705    
  0.45145      -0.1826188562679261    
  0.4519      -0.18246363417300213    
  0.45235000000000003      -0.1823083069687053    
  0.45280000000000004      -0.18215287480198875    
  0.45325000000000004      -0.18199733781992694    
  0.45370000000000005      -0.1818416961697697    
  0.45415000000000005      -0.18168594999887291    
  0.4546      -0.18153009945473408    
  0.45505000000000007      -0.18137414468497207    
  0.4555      -0.18121808583736593    
  0.4559500000000001      -0.1810619230598028    
  0.45640000000000003      -0.1809056565002561    
  0.45685000000000003      -0.18074928630695794    
  0.45730000000000004      -0.18059281262814994    
  0.45775000000000005      -0.1804362356122121    
  0.45820000000000005      -0.1802795554077659    
  0.45865      -0.18012277216340386    
  0.45910000000000006      -0.17996588602801314    
  0.45955      -0.1798088971504507    
  0.4600000000000001      -0.17965180567988256    
  0.46045      -0.17949461176541584    
  0.46090000000000003      -0.17933731555646135    
  0.46135000000000004      -0.1791799172024076    
  0.46180000000000004      -0.1790224168528638    
  0.46225000000000005      -0.17886481465761625    
  0.4627      -0.17870711076643367    
  0.46315000000000006      -0.17854930532933563    
  0.4636      -0.1783913984964058    
  0.4640500000000001      -0.1782333904179243    
  0.4645      -0.178075281244159    
  0.46495000000000003      -0.17791707112575272    
  0.46540000000000004      -0.17775876021323372    
  0.46585000000000004      -0.17760034865742644    
  0.46630000000000005      -0.17744183660916    
  0.46675      -0.17728322421945042    
  0.46720000000000006      -0.1771245116394572    
  0.46765      -0.17696569902046091    
  0.46810000000000007      -0.17680678651387122    
  0.46855      -0.17664777427117995    
  0.46900000000000003      -0.17648866244410633    
  0.46945000000000003      -0.17632945118435855    
  0.46990000000000004      -0.17617014064390102    
  0.47035000000000005      -0.17601073097475806    
  0.47080000000000005      -0.1758512223291389    
  0.47125000000000006      -0.17569161485924548    
  0.4717      -0.17553190871765234    
  0.47215000000000007      -0.17537210405677398    
  0.4726      -0.1752122010293469    
  0.4730500000000001      -0.17505219978818215    
  0.47350000000000003      -0.1748921004862146    
  0.47395000000000004      -0.17473190327649735    
  0.47440000000000004      -0.17457160831223092    
  0.47485000000000005      -0.17441121574671756    
  0.47530000000000006      -0.17425072573344763    
  0.47575      -0.17409013842588653    
  0.47620000000000007      -0.1739294539778412    
  0.47665      -0.173768672543106    
  0.4771000000000001      -0.17360779427556272    
  0.47755000000000003      -0.17344681932937125    
  0.47800000000000004      -0.17328574785869347    
  0.47845000000000004      -0.17312458001788328    
  0.47890000000000005      -0.17296331596134604    
  0.47935000000000005      -0.17280195584368468    
  0.4798      -0.17264049981961807    
  0.48025000000000007      -0.17247894804395889    
  0.4807      -0.17231730067165524    
  0.4811500000000001      -0.17215555785782943    
  0.48160000000000003      -0.17199371975764474    
  0.48205000000000003      -0.171831786526419    
  0.48250000000000004      -0.17166975831967687    
  0.48295000000000005      -0.17150763529291502    
  0.48340000000000005      -0.17134541760191696    
  0.48385      -0.17118310540244386    
  0.48430000000000006      -0.17102069885047744    
  0.48475      -0.17085819810206734    
  0.4852000000000001      -0.17069560331346117    
  0.48565      -0.17053291464097278    
  0.48610000000000003      -0.1703701322410219    
  0.48655000000000004      -0.17020725627021904    
  0.48700000000000004      -0.17004428688519885    
  0.48745000000000005      -0.16988122424286334    
  0.4879      -0.1697180685001269    
  0.48835000000000006      -0.1695548198140198    
  0.4888      -0.1693914783417645    
  0.4892500000000001      -0.16922804424064006    
  0.4897      -0.16906451766816163    
  0.49015000000000003      -0.16890089878178693    
  0.49060000000000004      -0.16873718773922392    
  0.49105000000000004      -0.16857338469834368    
  0.49150000000000005      -0.1684094898169979    
  0.49195000000000005      -0.16824550325323087    
  0.49240000000000006      -0.16808142516522998    
  0.49285      -0.1679172557113308    
  0.49330000000000007      -0.16775299504986038    
  0.49375      -0.1675886433394355    
  0.4942000000000001      -0.16742420073866296    
  0.49465000000000003      -0.16725966740631718    
  0.49510000000000004      -0.16709504350133142    
  0.49555000000000005      -0.16693032918264192    
  0.49600000000000005      -0.16676552460947588    
  0.49645000000000006      -0.16660062994108296    
  0.4969      -0.16643564533681315    
  0.49735000000000007      -0.16627057095619452    
  0.4978      -0.16610540695880494    
  0.4982500000000001      -0.1659401535044482    
  0.49870000000000003      -0.165774810752947    
  0.49915000000000004      -0.16560937886428231    
  0.49960000000000004      -0.1654438579985539    
  0.5000500000000001      -0.16527824831598356    
  0.5005000000000001      -0.165112549976983    
  0.50095      -0.16494676314191634    
  0.5014000000000001      -0.16478088797139218    
  0.50185      -0.16461492462609822    
  0.5023000000000001      -0.16444887326690188    
  0.50275      -0.1642827340546863    
  0.5032000000000001      -0.16411650715057646    
  0.50365      -0.16395019271565237    
  0.5041      -0.16378379091124456    
  0.50455      -0.16361730189881118    
  0.505      -0.16345072583982775    
  0.5054500000000001      -0.1632840628959567    
  0.5059      -0.16311731322892078    
  0.5063500000000001      -0.16295047700067372    
  0.5068      -0.16278355437318162    
  0.50725      -0.1626165455085236    
  0.5077      -0.1624494505690383    
  0.5081500000000001      -0.16228226971695392    
  0.5086      -0.1621150031148162    
  0.50905      -0.16194765092517663    
  0.5095000000000001      -0.16178021331079206    
  0.50995      -0.16161269043438842    
  0.5104000000000001      -0.16144508245893083    
  0.51085      -0.16127738954752344    
  0.5113000000000001      -0.1611096118632722    
  0.51175      -0.16094174956950494    
  0.5122      -0.16077380282955675    
  0.51265      -0.16060577180701177    
  0.5131000000000001      -0.16043765666549595    
  0.5135500000000001      -0.16026945756865552    
  0.514      -0.16010117468047108    
  0.5144500000000001      -0.15993280816485014    
  0.5149      -0.15976435818591425    
  0.5153500000000001      -0.15959582490784244    
  0.5158      -0.15942720849498812    
  0.5162500000000001      -0.15925850911170225    
  0.5167      -0.15908972692260828    
  0.51715      -0.15892086209235512    
  0.5176000000000001      -0.1587519147857044    
  0.51805      -0.15858288516754684    
  0.5185000000000001      -0.15841377340288745    
  0.51895      -0.15824457965685745    
  0.5194000000000001      -0.15807530409463233    
  0.51985      -0.15790594688162024    
  0.5203      -0.1577365081832918    
  0.52075      -0.15756698816508954    
  0.5212000000000001      -0.1573973869928129    
  0.5216500000000001      -0.157227704832211    
  0.5221      -0.15705794184920585    
  0.5225500000000001      -0.15688809820977306    
  0.523      -0.1567181740801229    
  0.5234500000000001      -0.15654816962640689    
  0.5239      -0.15637808501504205    
  0.5243500000000001      -0.1562079204124697    
  0.5248      -0.1560376759852322    
  0.52525      -0.15586735190007592    
  0.5257000000000001      -0.15569694832376846    
  0.52615      -0.1555264654232305    
  0.5266000000000001      -0.1553559033654844    
  0.52705      -0.15518526231762392    
  0.5275000000000001      -0.15501454244693266    
  0.52795      -0.15484374392075803    
  0.5284      -0.15467286690650603    
  0.52885      -0.15450191157179946    
  0.5293000000000001      -0.15433087808434967    
  0.52975      -0.15415976661185293    
  0.5302      -0.15398857732227503    
  0.5306500000000001      -0.15381731038362145    
  0.5311      -0.15364596596401714    
  0.5315500000000001      -0.15347454423160148    
  0.532      -0.15330304535483819    
  0.5324500000000001      -0.1531314695021112    
  0.5329      -0.15295981684195506    
  0.53335      -0.1527880875430601    
  0.5338      -0.15261628177416608    
  0.5342500000000001      -0.15244439970418325    
  0.5347000000000001      -0.15227244150202843    
  0.53515      -0.15210040733690133    
  0.5356000000000001      -0.15192829737793564    
  0.53605      -0.15175611179439039    
  0.5365      -0.15158385075579003    
  0.53695      -0.15141151443156242    
  0.5374000000000001      -0.15123910299142207    
  0.53785      -0.15106661660498533    
  0.5383      -0.1508940554421903    
  0.5387500000000001      -0.15072141967292205    
  0.5392      -0.15054870946727625    
  0.5396500000000001      -0.15037592499539382    
  0.5401      -0.15020306642752268    
  0.5405500000000001      -0.15003013393404416    
  0.541      -0.1498571276854115    
  0.54145      -0.14968404785222703    
  0.5419      -0.14951089460521647    
  0.5423500000000001      -0.14933766811508395    
  0.5428000000000001      -0.14916436855274376    
  0.54325      -0.14899099608924268    
  0.5437000000000001      -0.14881755089562762    
  0.54415      -0.14864403314313673    
  0.5446000000000001      -0.14847044300303505    
  0.54505      -0.14829678064681495    
  0.5455000000000001      -0.14812304624590059    
  0.54595      -0.14794923997196752    
  0.5464      -0.1477753619967278    
  0.5468500000000001      -0.1476014124920289    
  0.5473      -0.1474273916297559    
  0.5477500000000001      -0.14725329958198963    
  0.5482      -0.14707913652083485    
  0.5486500000000001      -0.14690490261848063    
  0.5491      -0.14673059804731725    
  0.54955      -0.14655622297978682    
  0.55      -0.1463817775884319    
  0.5504500000000001      -0.1462072620458843    
  0.5509000000000001      -0.14603267652487498    
  0.55135      -0.14585802119826685    
  0.5518000000000001      -0.1456832962389959    
  0.55225      -0.14550850182013325    
  0.5527000000000001      -0.14533363811479647    
  0.55315      -0.14515870529624517    
  0.5536000000000001      -0.14498370353780088    
  0.55405      -0.14480863301293856    
  0.5545      -0.14463349389523694    
  0.55495      -0.14445828635825833    
  0.5554000000000001      -0.14428301057579815    
  0.5558500000000001      -0.1441076667217533    
  0.5563      -0.14393225496995884    
  0.5567500000000001      -0.14375677549451424    
  0.5572      -0.14358122846962137    
  0.55765      -0.14340561406941793    
  0.5581      -0.14322993246830582    
  0.5585500000000001      -0.14305418384069102    
  0.559      -0.14287836836108242    
  0.55945      -0.14270248620420262    
  0.5599000000000001      -0.14252653754469402    
  0.56035      -0.14235052255743397    
  0.5608000000000001      -0.14217444141733226    
  0.56125      -0.14199829429940133    
  0.5617000000000001      -0.14182208137871977    
  0.56215      -0.14164580283063452    
  0.5626000000000001      -0.1414694588302961    
  0.56305      -0.1412930495531658    
  0.5635000000000001      -0.14111657517481133    
  0.5639500000000001      -0.14094003587076717    
  0.5644000000000001      -0.1407634318167168    
  0.5648500000000001      -0.14058676318844496    
  0.5653      -0.14041003016196968    
  0.5657500000000001      -0.14023323291308012    
  0.5662      -0.14005637161792658    
  0.5666500000000001      -0.1398794464527285    
  0.5671      -0.13970245759366176    
  0.5675500000000001      -0.13952540521712709    
  0.5680000000000001      -0.13934828949959852    
  0.5684500000000001      -0.139171110617581    
  0.5689000000000001      -0.13899386874774555    
  0.56935      -0.13881656406676868    
  0.5698000000000001      -0.13863919675152114    
  0.57025      -0.1384617669788947    
  0.5707000000000001      -0.13828427492592746    
  0.57115      -0.13810672076969557    
  0.5716000000000001      -0.13792910468738767    
  0.5720500000000001      -0.1377514268563132    
  0.5725000000000001      -0.13757368745384527    
  0.5729500000000001      -0.13739588665745936    
  0.5734000000000001      -0.13721802464467756    
  0.5738500000000001      -0.137040101593192    
  0.5743      -0.13686211768074286    
  0.5747500000000001      -0.13668407308517133    
  0.5752      -0.13650596798436684    
  0.5756500000000001      -0.13632780255635474    
  0.5761000000000001      -0.13614957697928884    
  0.5765500000000001      -0.13597129143129463    
  0.5770000000000001      -0.13579294609069312    
  0.5774500000000001      -0.13561454113587426    
  0.5779000000000001      -0.135436076745311    
  0.57835      -0.13525755309745674    
  0.5788000000000001      -0.13507897037108116    
  0.57925      -0.13490032874489202    
  0.5797000000000001      -0.1347216283976215    
  0.58015      -0.1345428695082753    
  0.5806000000000001      -0.134364052255788    
  0.5810500000000001      -0.13418517681924325    
  0.5815000000000001      -0.13400624337787884    
  0.5819500000000001      -0.13382725211090657    
  0.5824      -0.13364820319766305    
  0.5828500000000001      -0.13346909681757793    
  0.5833      -0.13328993315023246    
  0.5837500000000001      -0.13311071237515623    
  0.5842      -0.1329314346720797    
  0.5846500000000001      -0.13275210022079545    
  0.5851000000000001      -0.1325727092011338    
  0.5855500000000001      -0.13239326179305055    
  0.5860000000000001      -0.13221375817658987    
  0.58645      -0.1320341985319241    
  0.5869000000000001      -0.1318545830391593    
  0.58735      -0.13167491187866764    
  0.5878000000000001      -0.13149518523080148    
  0.58825      -0.13131540327601565    
  0.5887000000000001      -0.13113556619485825    
  0.5891500000000001      -0.13095567416796422    
  0.5896000000000001      -0.13077572737604748    
  0.5900500000000001      -0.13059572599986982    
  0.5905      -0.13041567022032927    
  0.5909500000000001      -0.1302355602184337    
  0.5914      -0.1300553961751264    
  0.5918500000000001      -0.1298751782716655    
  0.5923      -0.1296949066891546    
  0.5927500000000001      -0.12951458160894766    
  0.5932000000000001      -0.12933420321241532    
  0.5936500000000001      -0.12915377168097353    
  0.5941000000000001      -0.12897328719620269    
  0.5945500000000001      -0.1287927499396523    
  0.5950000000000001      -0.1286121600930982    
  0.59545      -0.12843151783826717    
  0.5959000000000001      -0.12825082335708418    
  0.59635      -0.1280700768314195    
  0.5968000000000001      -0.1278892784433613    
  0.5972500000000001      -0.1277084283749794    
  0.5977000000000001      -0.12752752680843552    
  0.5981500000000001      -0.12734657392599635    
  0.5986      -0.1271655699100074    
  0.5990500000000001      -0.12698451494294105    
  0.5995      -0.12680340920720773    
  0.5999500000000001      -0.1266222528854428    
  0.6004      -0.1264410461602999    
  0.6008500000000001      -0.12625978921446246    
  0.6013000000000001      -0.12607848223077692    
  0.6017500000000001      -0.1258971253921205    
  0.6022000000000001      -0.12571571888147068    
  0.6026500000000001      -0.1255342628818819    
  0.6031000000000001      -0.125352757576444    
  0.60355      -0.12517120314836935    
  0.6040000000000001      -0.12498959978089526    
  0.60445      -0.12480794765743088    
  0.6049000000000001      -0.12462624696133488    
  0.60535      -0.12444449787618339    
  0.6058000000000001      -0.12426270058551103    
  0.6062500000000001      -0.12408085527295067    
  0.6067000000000001      -0.12389896212226986    
  0.6071500000000001      -0.1237170213171945    
  0.6076      -0.12353503304171581    
  0.6080500000000001      -0.12335299747967357    
  0.6085      -0.1231709148151703    
  0.6089500000000001      -0.12298878523226793    
  0.6094      -0.12280660891513095    
  0.6098500000000001      -0.12262438604795346    
  0.6103000000000001      -0.12244211681522195    
  0.6107500000000001      -0.1222598014011222    
  0.6112000000000001      -0.12207743999027024    
  0.61165      -0.12189503276712743    
  0.6121000000000001      -0.1217125799163365    
  0.61255      -0.12153008162253605    
  0.6130000000000001      -0.12134753807047588    
  0.61345      -0.12116494944503917    
  0.6139000000000001      -0.12098231593105042    
  0.6143500000000001      -0.1207996377135193    
  0.6148000000000001      -0.12061691497748114    
  0.6152500000000001      -0.12043414790803607    
  0.6157000000000001      -0.12025133669027988    
  0.6161500000000001      -0.1200684815095865    
  0.6166      -0.1198855825511941    
  0.6170500000000001      -0.11970264000050355    
  0.6175      -0.1195196540429947    
  0.6179500000000001      -0.11933662486414297    
  0.6184000000000001      -0.11915355264955343    
  0.6188500000000001      -0.11897043758490848    
  0.6193000000000001      -0.11878727985594102    
  0.61975      -0.11860407964842479    
  0.6202000000000001      -0.11842083714824761    
  0.62065      -0.1182375525413098    
  0.6211000000000001      -0.11805422601360754    
  0.62155      -0.1178708577512168    
  0.6220000000000001      -0.11768744794027305    
  0.6224500000000001      -0.1175039967669762    
  0.6229000000000001      -0.11732050441760368    
  0.6233500000000001      -0.11713697107844688    
  0.6238000000000001      -0.11695339693597032    
  0.6242500000000001      -0.1167697821765752    
  0.6247      -0.11658612698680457    
  0.6251500000000001      -0.11640243155325955    
  0.6256      -0.11621869606255789    
  0.6260500000000001      -0.1160349207014944    
  0.6265000000000001      -0.11585110565675887    
  0.6269500000000001      -0.11566725111526867    
  0.6274000000000001      -0.11548335726395371    
  0.6278500000000001      -0.11529942428973997    
  0.6283000000000001      -0.11511545237967716    
  0.6287500000000001      -0.11493144172086679    
  0.6292000000000001      -0.11474739250053151    
  0.62965      -0.11456330490580978    
  0.6301000000000001      -0.11437917912401704    
  0.63055      -0.11419501534252918    
  0.6310000000000001      -0.11401081374875173    
  0.6314500000000001      -0.11382657453013115    
  0.6319000000000001      -0.11364229787423037    
  0.6323500000000001      -0.11345798396863653    
  0.6328      -0.11327363300104887    
  0.6332500000000001      -0.11308924515909267    
  0.6337      -0.11290482063059107    
  0.6341500000000001      -0.11272035960342637    
  0.6346      -0.11253586226542078    
  0.6350500000000001      -0.11235132880456615    
  0.6355000000000001      -0.11216675940887443    
  0.6359500000000001      -0.11198215426643877    
  0.6364000000000001      -0.11179751356534169    
  0.6368500000000001      -0.11161283749380281    
  0.6373000000000001      -0.1114281262400564    
  0.63775      -0.11124337999242503    
  0.6382000000000001      -0.11105859893925119    
  0.63865      -0.1108737832689909    
  0.6391000000000001      -0.11068893317007697    
  0.6395500000000001      -0.11050404883105126    
  0.6400000000000001      -0.1103191304405178    
  0.6404500000000001      -0.11013417818712276    
  0.6409      -0.10994919225957425    
  0.6413500000000001      -0.10976417284658893    
  0.6418      -0.10957912013704359    
  0.6422500000000001      -0.10939403431972655    
  0.6427      -0.10920891558360049    
  0.6431500000000001      -0.10902376411767453    
  0.6436000000000001      -0.10883858011091421    
  0.6440500000000001      -0.10865336375244827    
  0.6445000000000001      -0.10846811523139678    
  0.6449500000000001      -0.10828283473693927    
  0.6454000000000001      -0.10809752245836607    
  0.64585      -0.10791217858492683    
  0.6463000000000001      -0.1077268033059965    
  0.64675      -0.10754139681097796    
  0.6472000000000001      -0.10735595928928411    
  0.6476500000000001      -0.10717049093046706    
  0.6481000000000001      -0.10698499192409286    
  0.6485500000000001      -0.10679946245975017    
  0.6490000000000001      -0.10661390272703637    
  0.6494500000000001      -0.1064283129157648    
  0.6499000000000001      -0.10624269321563269    
  0.6503500000000001      -0.10605704381650416    
  0.6508      -0.10587136490814537    
  0.6512500000000001      -0.1056856566805683    
  0.6517000000000001      -0.10549991932366257    
  0.6521500000000001      -0.10531415302745711    
  0.6526000000000001      -0.10512835798202454    
  0.6530500000000001      -0.10494253437746397    
  0.6535000000000001      -0.10475668240391016    
  0.65395      -0.10457080225158441    
  0.6544000000000001      -0.10438489411072546    
  0.65485      -0.1041989581715985    
  0.6553000000000001      -0.10401299462462907    
  0.65575      -0.10382700366013456    
  0.6562000000000001      -0.10364098546854059    
  0.6566500000000001      -0.10345494024037961    
  0.6571000000000001      -0.10326886816617845    
  0.6575500000000001      -0.10308276943646837    
  0.6580000000000001      -0.10289664424192939    
  0.6584500000000001      -0.10271049277317436    
  0.6589      -0.1025243152208989    
  0.6593500000000001      -0.10233811177593374    
  0.6598      -0.10215188262897176    
  0.6602500000000001      -0.1019656279709631    
  0.6607000000000001      -0.10177934799270065    
  0.6611500000000001      -0.10159304288518103    
  0.6616000000000001      -0.10140671283932921    
  0.66205      -0.10122035804615886    
  0.6625000000000001      -0.1010339786967931    
  0.66295      -0.10084757498228207    
  0.6634000000000001      -0.10066114709372677    
  0.66385      -0.10047469522235859    
  0.6643000000000001      -0.10028821955944714    
  0.6647500000000001      -0.10010172029617063    
  0.6652000000000001      -0.0999151976238478    
  0.6656500000000001      -0.09972865173387203    
  0.6661000000000001      -0.09954208281757487    
  0.6665500000000001      -0.09935549106643254    
  0.667      -0.0991688766718905    
  0.6674500000000001      -0.09898223982547427    
  0.6679      -0.09879558071869533    
  0.6683500000000001      -0.09860889954318902    
  0.6688000000000001      -0.0984221964904656    
  0.6692500000000001      -0.09823547175229373    
  0.6697000000000001      -0.09804872552036499    
  0.6701500000000001      -0.09786195798635704    
  0.6706000000000001      -0.09767516934207664    
  0.6710500000000001      -0.09748835977926892    
  0.6715000000000001      -0.09730152948990366    
  0.67195      -0.09711467866581884    
  0.6724000000000001      -0.09692780749884959    
  0.6728500000000001      -0.09674091618104884    
  0.6733000000000001      -0.09655400490437961    
  0.6737500000000001      -0.09636707386085971    
  0.6742000000000001      -0.09618012324252834    
  0.6746500000000001      -0.09599315324151993    
  0.6751      -0.09580616404996768    
  0.6755500000000001      -0.09561915585998661    
  0.676      -0.09543212886379006    
  0.6764500000000001      -0.09524508325368417    
  0.6769000000000001      -0.09505801922181499    
  0.6773500000000001      -0.09487093696053507    
  0.6778000000000001      -0.09468383666220113    
  0.6782500000000001      -0.09449671851910979    
  0.6787000000000001      -0.09430958272369788    
  0.6791500000000001      -0.0941224294684067    
  0.6796000000000001      -0.09393525894565088    
  0.68005      -0.09374807134798534    
  0.6805000000000001      -0.09356086686781924    
  0.68095      -0.09337364569781727    
  0.6814000000000001      -0.09318640803046582    
  0.6818500000000001      -0.09299915405844232    
  0.6823000000000001      -0.09281188397434148    
  0.6827500000000001      -0.09262459797087433    
  0.6832      -0.09243729624067656    
  0.6836500000000001      -0.09224997897653363    
  0.6841      -0.09206264637119514    
  0.6845500000000001      -0.09187529861738768    
  0.685      -0.09168793590795908    
  0.6854500000000001      -0.09150055843574294    
  0.6859000000000001      -0.09131316639363181    
  0.6863500000000001      -0.09112575997444995    
  0.6868000000000001      -0.09093833937120223    
  0.6872500000000001      -0.0907509047767913    
  0.6877000000000001      -0.09056345638412834    
  0.68815      -0.0903759943863267    
  0.6886000000000001      -0.09018851897630734    
  0.68905      -0.09000103034715855    
  0.6895000000000001      -0.08981352869194593    
  0.6899500000000001      -0.08962601420380004    
  0.6904000000000001      -0.08943848707577659    
  0.6908500000000001      -0.0892509475010849    
  0.6913      -0.08906339567282025    
  0.6917500000000001      -0.08887583178423525    
  0.6922000000000001      -0.08868825602848308    
  0.6926500000000001      -0.08850066859887537    
  0.6931      -0.08831306968860743    
  0.6935500000000001      -0.08812545949098108    
  0.6940000000000001      -0.08793783819930133    
  0.6944500000000001      -0.08775020600686163    
  0.6949000000000001      -0.08756256310707368    
  0.6953500000000001      -0.0873749096932381    
  0.6958000000000001      -0.08718724595877647    
  0.69625      -0.08699957209707937    
  0.6967000000000001      -0.08681188830154171    
  0.69715      -0.0866241947656637    
  0.6976000000000001      -0.08643649168288087    
  0.6980500000000001      -0.08624877924667966    
  0.6985000000000001      -0.08606105765053648    
  0.6989500000000001      -0.0858733270880498    
  0.6994      -0.08568558775263453    
  0.6998500000000001      -0.0854978398379439    
  0.7003000000000001      -0.08531008353750087    
  0.7007500000000001      -0.0851223190449141    
  0.7012      -0.08493454655379361    
  0.7016500000000001      -0.08474676625772808    
  0.7021000000000001      -0.08455897835041212    
  0.7025500000000001      -0.0843711830254569    
  0.7030000000000001      -0.08418338047654725    
  0.7034500000000001      -0.08399557089738427    
  0.7039000000000001      -0.08380775448162461    
  0.70435      -0.08361993142298922    
  0.7048000000000001      -0.08343210191522875    
  0.7052500000000002      -0.08324426615208386    
  0.7057000000000001      -0.08305642432730825    
  0.70615      -0.08286857663462986    
  0.7066000000000001      -0.08268072326788078    
  0.7070500000000001      -0.08249286442083721    
  0.7075000000000001      -0.08230500028735498    
  0.7079500000000001      -0.08211713106115105    
  0.7084000000000001      -0.08192925693609977    
  0.7088500000000001      -0.08174137810605447    
  0.7093      -0.08155349476487678    
  0.7097500000000001      -0.08136560710637923    
  0.7102      -0.08117771532447406    
  0.7106500000000001      -0.0809898196130933    
  0.7111000000000001      -0.0808019201659904    
  0.7115500000000001      -0.0806140171771649    
  0.7120000000000001      -0.08042611084055432    
  0.71245      -0.08023820135001758    
  0.7129000000000001      -0.0800502888995092    
  0.7133500000000002      -0.07986237368294143    
  0.7138000000000001      -0.07967445589424067    
  0.71425      -0.07948653572743455    
  0.7147000000000001      -0.0792986133764072    
  0.7151500000000001      -0.07911068903516934    
  0.7156000000000001      -0.0789227628976403    
  0.7160500000000001      -0.07873483515788568    
  0.7165000000000001      -0.0785469060098134    
  0.7169500000000001      -0.07835897564741894    
  0.7174      -0.07817104426472964    
  0.7178500000000001      -0.07798311205571419    
  0.7183      -0.07779517921439728    
  0.7187500000000001      -0.07760724593476852    
  0.7192000000000001      -0.07741931241087226    
  0.7196500000000001      -0.0772313788366644    
  0.7201000000000001      -0.077043445406205    
  0.72055      -0.07685551231350729    
  0.7210000000000001      -0.07666757975261168    
  0.7214500000000001      -0.07647964791749914    
  0.7219000000000001      -0.07629171700223102    
  0.72235      -0.07610378720083624    
  0.7228000000000001      -0.07591585870732832    
  0.7232500000000001      -0.0757279317157699    
  0.7237000000000001      -0.07554000642019118    
  0.7241500000000001      -0.07535208301453969    
  0.7246000000000001      -0.07516416169296096    
  0.7250500000000001      -0.07497624264943605    
  0.7255      -0.07478832607794755    
  0.7259500000000001      -0.07460041217265498    
  0.7264000000000002      -0.0744125011274918    
  0.7268500000000001      -0.07422459313647262    
  0.7273000000000001      -0.07403668839367548    
  0.7277500000000001      -0.0738487870930647    
  0.7282000000000001      -0.07366088942871561    
  0.7286500000000001      -0.0734729955946301    
  0.7291000000000001      -0.07328510578483147    
  0.7295500000000001      -0.07309722019325024    
  0.7300000000000001      -0.07290933901401346    
  0.73045      -0.07272146244106419    
  0.7309000000000001      -0.07253359066837796    
  0.7313500000000001      -0.07234572388998065    
  0.7318000000000001      -0.07215786229983062    
  0.7322500000000001      -0.07197000609191752    
  0.7327000000000001      -0.07178215546024737    
  0.7331500000000001      -0.07159431059872395    
  0.7336      -0.07140647170137025    
  0.7340500000000001      -0.07121863896210538    
  0.7345000000000002      -0.07103081257491031    
  0.7349500000000001      -0.07084299273368996    
  0.7354      -0.07065517963237603    
  0.7358500000000001      -0.07046737346493102    
  0.7363000000000001      -0.07027957442523475    
  0.7367500000000001      -0.07009178270720047    
  0.7372000000000001      -0.06990399850468539    
  0.7376500000000001      -0.06971622201166736    
  0.7381000000000001      -0.06952845342193341    
  0.73855      -0.06934069292940787    
  0.7390000000000001      -0.06915294072792687    
  0.73945      -0.06896519701128713    
  0.7399000000000001      -0.06877746197341136    
  0.7403500000000001      -0.06858973580807412    
  0.7408000000000001      -0.06840201870907582    
  0.7412500000000001      -0.06821431087017389    
  0.7417      -0.06802661248524208    
  0.7421500000000001      -0.06783892374802063    
  0.7426000000000001      -0.06765124485221197    
  0.7430500000000001      -0.06746357599165037    
  0.7435      -0.06727591735998491    
  0.7439500000000001      -0.06708826915097675    
  0.7444000000000001      -0.0669006315582888    
  0.7448500000000001      -0.06671300477566112    
  0.7453000000000001      -0.06652538899671324    
  0.7457500000000001      -0.06633778441514865    
  0.7462000000000001      -0.0661501912245176    
  0.74665      -0.06596260961858275    
  0.7471000000000001      -0.06577503979078769    
  0.7475500000000002      -0.06558748193482325    
  0.7480000000000001      -0.06539993624424507    
  0.7484500000000001      -0.0652124029125687    
  0.7489000000000001      -0.0650248821333609    
  0.7493500000000001      -0.06483737410011726    
  0.7498000000000001      -0.06464987900637803    
  0.7502500000000001      -0.06446239704559917    
  0.7507000000000001      -0.06427492841121432    
  0.7511500000000001      -0.06408747329664001    
  0.7516      -0.06390003189535459    
  0.7520500000000001      -0.0637126044007311    
  0.7525000000000001      -0.06352519100615917    
  0.7529500000000001      -0.06333779190495431    
  0.7534000000000001      -0.06315040729051462    
  0.7538500000000001      -0.06296303735606548    
  0.7543000000000001      -0.06277568229501194    
  0.75475      -0.0625883423004753    
  0.7552000000000001      -0.062401017565800194    
  0.7556500000000002      -0.06221370828423016    
  0.7561000000000001      -0.0620264146488918    
  0.7565500000000001      -0.0618391368529359    
  0.7570000000000001      -0.06165187508960719    
  0.7574500000000001      -0.061464629551970455    
  0.7579000000000001      -0.061277400433160836    
  0.7583500000000001      -0.061090187926182635    
  0.7588000000000001      -0.06090299222416532    
  0.7592500000000001      -0.060715813520049886    
  0.7597      -0.060528652006891184    
  0.7601500000000001      -0.06034150787764006    
  0.7606      -0.06015438132525845    
  0.7610500000000001      -0.05996727254260167    
  0.7615000000000001      -0.05978018172267215    
  0.7619500000000001      -0.05959310905818208    
  0.7624000000000001      -0.05940605474204379    
  0.76285      -0.05921901896703942    
  0.7633000000000001      -0.059032001925970606    
  0.7637500000000002      -0.058845003811546    
  0.7642000000000001      -0.05865802481648849    
  0.76465      -0.05847106513344646    
  0.7651000000000001      -0.05828412495512856    
  0.7655500000000001      -0.05809720447417727    
  0.7660000000000001      -0.05791030388308923    
  0.7664500000000001      -0.05772342337445903    
  0.7669000000000001      -0.05753656314085899    
  0.7673500000000001      -0.05734972337472076    
  0.7678      -0.05716290426857556    
  0.7682500000000001      -0.056976106014738535    
  0.7687000000000002      -0.0567893288057128    
  0.7691500000000001      -0.0566025728338384    
  0.7696000000000001      -0.05641583829140493    
  0.7700500000000001      -0.05622912537072303    
  0.7705000000000001      -0.056042434264069345    
  0.7709500000000001      -0.055855765163610994    
  0.7714000000000001      -0.05566911826161212    
  0.7718500000000001      -0.05548249375019318    
  0.7723000000000001      -0.055295891821403334    
  0.77275      -0.05510931266742054    
  0.7732000000000001      -0.05492275648026161    
  0.7736500000000001      -0.05473622345189219    
  0.7741000000000001      -0.054549713774302074    
  0.7745500000000001      -0.054363227639457085    
  0.7750000000000001      -0.05417676523919929    
  0.7754500000000001      -0.053990326765400234    
  0.7759      -0.053803912409821776    
  0.7763500000000001      -0.053617522364334085    
  0.7768000000000002      -0.053431156820638384    
  0.7772500000000001      -0.053244815970392434    
  0.7777000000000001      -0.053058500005296154    
  0.7781500000000001      -0.05287220911692846    
  0.7786000000000001      -0.0526859434968753    
  0.7790500000000001      -0.05249970333668173    
  0.7795000000000001      -0.05231348882773699    
  0.7799500000000001      -0.05212730016170533    
  0.7804000000000001      -0.051941137529793235    
  0.78085      -0.051755001123433154    
  0.7813000000000001      -0.051568891133985724    
  0.7817500000000001      -0.05138280775264884    
  0.7822000000000001      -0.051196751170716995    
  0.7826500000000001      -0.051010721579321835    
  0.7831000000000001      -0.05082471916966082    
  0.7835500000000001      -0.05063874413281902    
  0.784      -0.05045279665978746    
  0.7844500000000001      -0.05026687694165644    
  0.7849000000000002      -0.050080985169385916    
  0.7853500000000001      -0.04989512153379388    
  0.7858      -0.04970928622589595    
  0.7862500000000001      -0.049523479436373787    
  0.7867000000000001      -0.049337701356059076    
  0.7871500000000001      -0.04915195217570328    
  0.7876000000000001      -0.048966232085934314    
  0.7880500000000001      -0.048780541277438964    
  0.7885000000000001      -0.048594879940742325    
  0.78895      -0.04840924826641184    
  0.7894000000000001      -0.0482236464449273    
  0.7898500000000002      -0.04803807466668591    
  0.7903000000000001      -0.04785253312211554    
  0.7907500000000001      -0.047667022001548535    
  0.7912      -0.04748154149522434    
  0.79165      -0.04729609179338827    
  0.7921      -0.04711067308626671    
  0.79255      -0.046925285563886976    
  0.793      -0.04673992941638579    
  0.79345      -0.046554604833791355    
  0.7939      -0.04636931200608587    
  0.79435      -0.046184051123113336    
  0.7948000000000001      -0.04599882237477407    
  0.79525      -0.045813625950903804    
  0.7957      -0.04562846204118346    
  0.79615      -0.045443330835350196    
  0.7966      -0.04525823252307922    
  0.79705      -0.045073167293954254    
  0.7975      -0.044888135337431384    
  0.79795      -0.04470313684305887    
  0.7984      -0.04451817200020551    
  0.7988500000000001      -0.044333240998263655    
  0.7993      -0.04414834402650066    
  0.79975      -0.04396348127423988    
  0.8002      -0.043778652930541964    
  0.80065      -0.04359385918464305    
  0.8011      -0.04340910022561617    
  0.80155      -0.04322437624242747    
  0.802      -0.04303968742401109    
  0.80245      -0.04285503395931446    
  0.8029000000000001      -0.04267041603709728    
  0.80335      -0.042485833846235325    
  0.8038000000000001      -0.042301287575353105    
  0.80425      -0.04211677741313532    
  0.8047      -0.04193230354816964    
  0.80515      -0.04174786616894955    
  0.8056      -0.04156346546397407    
  0.80605      -0.04137910162161843    
  0.8065      -0.041194774830274616    
  0.8069500000000001      -0.04101048527815506    
  0.8074      -0.04082623315350372    
  0.8078500000000001      -0.04064201864444291    
  0.8083      -0.04045784193907196    
  0.80875      -0.04027370322542709    
  0.8092      -0.04008960269141774    
  0.80965      -0.03990554052495644    
  0.8101      -0.039721516913845706    
  0.81055      -0.03953753204589094    
  0.811      -0.039353586108735954    
  0.81145      -0.03916967928998065    
  0.8119000000000001      -0.03898581177726295    
  0.81235      -0.038801983757973446    
  0.8128      -0.038618195419592424    
  0.81325      -0.038434446949437144    
  0.8137      -0.03825073853481222    
  0.81415      -0.03806707036287736    
  0.8146      -0.037883442620863836    
  0.81505      -0.03769985549580465    
  0.8155      -0.03751630917465565    
  0.8159500000000001      -0.03733280384440896    
  0.8164      -0.03714933969192869    
  0.81685      -0.03696591690394846    
  0.8173      -0.03678253566722387    
  0.81775      -0.036599196168427876    
  0.8182      -0.03641589859407438    
  0.81865      -0.036232643130711    
  0.8191      -0.036049429964740545    
  0.81955      -0.0358662592825698    
  0.8200000000000001      -0.03568313127037521    
  0.82045      -0.03550004611450296    
  0.8209      -0.035317004000984635    
  0.82135      -0.03513400511588952    
  0.8218      -0.0349510496452444    
  0.82225      -0.0347681377748895    
  0.8227      -0.034585269690736484    
  0.82315      -0.03440244557848742    
  0.8236      -0.034219665623838866    
  0.8240500000000001      -0.03403693001243225    
  0.8245      -0.03385423892969264    
  0.8249500000000001      -0.033671592561162964    
  0.8254      -0.033488991092169886    
  0.82585      -0.03330643470798349    
  0.8263      -0.033123923593902    
  0.82675      -0.03294145793494542    
  0.8272      -0.0327590379162415    
  0.82765      -0.03257666372276223    
  0.8281000000000001      -0.03239433553933622    
  0.82855      -0.032212053550860584    
  0.829      -0.03202981794201609    
  0.82945      -0.031847628897505836    
  0.8299      -0.03166548660181644    
  0.83035      -0.031483391239516004    
  0.8308      -0.03130134299493213    
  0.83125      -0.031119342052472417    
  0.8317      -0.03093738859634776    
  0.8321500000000001      -0.030755482810685825    
  0.8326      -0.030573624879552622    
  0.8330500000000001      -0.03039181498696325    
  0.8335      -0.030210053316849946    
  0.83395      -0.030028340052984433    
  0.8344      -0.02984667537911896    
  0.83485      -0.029665059478907095    
  0.8353      -0.02948349253593919    
  0.83575      -0.02930197473360578    
  0.8362      -0.029120506255365095    
  0.83665      -0.02893908728451036    
  0.8371000000000001      -0.028757718004252204    
  0.83755      -0.02857639859776864    
  0.838      -0.02839512924802121    
  0.83845      -0.0282139101379418    
  0.8389      -0.028032741450525565    
  0.83935      -0.027851623368438494    
  0.8398      -0.02767055607436228    
  0.84025      -0.02748953975094709    
  0.8407      -0.027308574580690397    
  0.8411500000000001      -0.02712766074599348    
  0.8416      -0.02694679842914131    
  0.84205      -0.026765987812435284    
  0.8425      -0.026585229077990023    
  0.84295      -0.026404522407827077    
  0.8434      -0.026223867983961105    
  0.84385      -0.02604326598819582    
  0.8443      -0.02586271660233317    
  0.84475      -0.025682220008055867    
  0.8452000000000001      -0.02550177638691707    
  0.84565      -0.025321385920483896    
  0.8461000000000001      -0.02514104879007457    
  0.84655      -0.02496076517698776    
  0.847      -0.024780535262508962    
  0.84745      -0.02460035922766976    
  0.8479      -0.024420237253485737    
  0.84835      -0.024240169520940123    
  0.8488      -0.02406015621082928    
  0.8492500000000001      -0.023880197503836843    
  0.8497      -0.023700293580621357    
  0.85015      -0.023520444621729916    
  0.8506      -0.023340650807592837    
  0.85105      -0.023160912318535246    
  0.8515      -0.022981229334766776    
  0.85195      -0.022801602036463062    
  0.8524      -0.022622030603679014    
  0.85285      -0.022442515216257033    
  0.8533000000000001      -0.022263056054147825    
  0.85375      -0.02208365329707537    
  0.8542000000000001      -0.021904307124556082    
  0.85465      -0.02172501771630528    
  0.8551      -0.021545785251608513    
  0.85555      -0.021366609909860713    
  0.856      -0.0211874918702922    
  0.85645      -0.021008431312044794    
  0.8569      -0.020829428414111038    
  0.8573500000000001      -0.020650483355431633    
  0.8578      -0.02047159631479515    
  0.8582500000000001      -0.020292767470985906    
  0.8587      -0.020113997002556352    
  0.8591500000000001      -0.019935285087988273    
  0.8596      -0.019756631905795866    
  0.86005      -0.01957803763415461    
  0.8605      -0.01939950245129031    
  0.86095      -0.019221026535327437    
  0.8614      -0.019042610064199356    
  0.86185      -0.01886425321576189    
  0.8623000000000001      -0.01868595616782868    
  0.86275      -0.018507719098062793    
  0.8632      -0.01832954218395456    
  0.86365      -0.018151425602999368    
  0.8641      -0.01797336953249901    
  0.86455      -0.017795374149673332    
  0.865      -0.017617439631635513    
  0.86545      -0.017439566155415483    
  0.8659      -0.017261753897856294    
  0.8663500000000001      -0.0170840030358315    
  0.8668      -0.016906313745960626    
  0.8672500000000001      -0.016728686204775533    
  0.8677      -0.01655112058878998    
  0.86815      -0.01637361707429549    
  0.8686      -0.01619617583753277    
  0.86905      -0.016018797054656694    
  0.8695      -0.015841480901595876    
  0.86995      -0.01566422755433072    
  0.8704000000000001      -0.015487037188570243    
  0.87085      -0.015309909979986887    
  0.8713      -0.015132846104144676    
  0.87175      -0.014955845736511897    
  0.8722      -0.014778909052343414    
  0.87265      -0.014602036226914663    
  0.8731      -0.014425227435225731    
  0.87355      -0.014248482852308763    
  0.874      -0.014071802653039894    
  0.8744500000000001      -0.013895187012108207    
  0.8749      -0.013718636104180172    
  0.8753500000000001      -0.01354215010370434    
  0.8758      -0.013365729185173796    
  0.87625      -0.013189373522740609    
  0.8767      -0.013013083290674144    
  0.87715      -0.012836858662917998    
  0.8776      -0.012660699813447713    
  0.87805      -0.012484606916031028    
  0.8785000000000001      -0.01230858014431586    
  0.87895      -0.012132619671930191    
  0.8794000000000001      -0.011956725672277268    
  0.87985      -0.01178089831867444    
  0.8803000000000001      -0.011605137784297106    
  0.88075      -0.01142944424227085    
  0.8812      -0.011253817865510968    
  0.88165      -0.011078258826846477    
  0.8821      -0.010902767298986857    
  0.8825500000000001      -0.010727343454513882    
  0.883      -0.010551987465959431    
  0.8834500000000001      -0.010376699505577555    
  0.8839      -0.010201479745640124    
  0.88435      -0.01002632835817443    
  0.8848      -0.009851245515204913    
  0.88525      -0.009676231388565926    
  0.8857      -0.009501286149968334    
  0.88615      -0.009326409970969292    
  0.8866      -0.009151603023102337    
  0.88705      -0.00897686547767996    
  0.8875000000000001      -0.008802197505903563    
  0.88795      -0.008627599278891491    
  0.8884000000000001      -0.008453070967601766    
  0.88885      -0.008278612742819498    
  0.8893      -0.00810422477526052    
  0.88975      -0.007929907235513046    
  0.8902      -0.007755660294060818    
  0.89065      -0.007581484121231578    
  0.8911      -0.007407378887147728    
  0.8915500000000001      -0.007233344761904829    
  0.892      -0.007059381915442347    
  0.89245      -0.006885490517563313    
  0.8929      -0.006711670737911621    
  0.89335      -0.00653792274610461    
  0.8938      -0.006364246711426213    
  0.89425      -0.0061906428032629645    
  0.8947      -0.006017111190717056    
  0.89515      -0.005843652042778494    
  0.8956000000000001      -0.005670265528351189    
  0.89605      -0.005496951816226594    
  0.8965000000000001      -0.005323711074962618    
  0.89695      -0.005150543473066721    
  0.8974      -0.004977449178884019    
  0.89785      -0.004804428360592871    
  0.8983      -0.0046314811863502215    
  0.89875      -0.004458607824009006    
  0.8992      -0.004285808441491321    
  0.8996500000000001      -0.0041130832063336845    
  0.9001      -0.003940432286178153    
  0.9005500000000001      -0.0037678558484108247    
  0.901      -0.003595354060276858    
  0.9014500000000001      -0.0034229270888950806    
  0.9019      -0.0032505751012252794    
  0.90235      -0.0030782982642086724    
  0.9028      -0.0029060967445351097    
  0.90325      -0.0027339707087477177    
  0.9037000000000001      -0.0025619203233209786    
  0.90415      -0.0023899457544928945    
  0.9046000000000001      -0.0022180471685112834    
  0.90505      -0.0020462247313116867    
  0.9055      -0.0018744786088732718    
  0.90595      -0.0017028089668813034    
  0.9064      -0.0015312159709320115    
  0.90685      -0.0013596997864785754    
  0.9073      -0.0011882605789120542    
  0.9077500000000001      -0.001016898513322443    
  0.9082      -0.0008456137547647187    
  0.9086500000000001      -0.0006744064681417105    
  0.9091      -0.0005032768182956918    
  0.9095500000000001      -0.0003322249696599267    
  0.91      -0.0001612510868740887    
  0.91045      9.644665915585753e-6    
  0.9109      0.00018046212441560775    
  0.91135      0.00035120112452056377    
  0.9118      0.0005218615025206312    
  0.91225      0.000692443094473858    
  0.9127000000000001      0.0008629457369667289    
  0.91315      0.0010333692664489524    
  0.9136      0.00120371351961251    
  0.91405      0.0013739783333187108    
  0.9145      0.0015441635445472002    
  0.91495      0.0017142689904152643    
  0.9154      0.0018842945081498003    
  0.91585      0.0020542399352285186    
  0.9163      0.002224105109269154    
  0.9167500000000001      0.0023938898679128798    
  0.9172      0.0025635940490699727    
  0.9176500000000001      0.002733217490736062    
  0.9181      0.002902760031100181    
  0.91855      0.003072221508388399    
  0.919      0.0032416017612514132    
  0.91945      0.003410900628075543    
  0.9199      0.0035801179477985144    
  0.92035      0.0037492535592568293    
  0.9208000000000001      0.003918307301545892    
  0.92125      0.004087279013890284    
  0.9217      0.004256168535551632    
  0.92215      0.004424975706210399    
  0.9226000000000001      0.004593700365440131    
  0.92305      0.004762342353104329    
  0.9235      0.004930901509128607    
  0.92395      0.005099377673685632    
  0.9244      0.005267770687072475    
  0.9248500000000001      0.005436080389684154    
  0.9253      0.005604306622188826    
  0.9257500000000001      0.005772449225232524    
  0.9262      0.005940508039764467    
  0.92665      0.00610848290684963    
  0.9271      0.006276373667674014    
  0.92755      0.006444180163592378    
  0.928      0.006611902236184314    
  0.92845      0.006779539727060747    
  0.9289000000000001      0.006947092478080206    
  0.92935      0.007114560331334398    
  0.9298      0.007281943128763372    
  0.93025      0.007449240712855645    
  0.9307000000000001      0.007616452926023957    
  0.93115      0.007783579610818965    
  0.9316      0.00795062061015403    
  0.93205      0.008117575766793617    
  0.9325      0.00828444492403678    
  0.9329500000000001      0.00845122792499372    
  0.9334      0.008617924613135226    
  0.9338500000000001      0.008784534832041618    
  0.9343      0.008951058425366447    
  0.93475      0.00911749523720489    
  0.9352      0.009283845111404742    
  0.9356500000000001      0.009450107892359238    
  0.9361      0.009616283424270814    
  0.93655      0.009782371551822489    
  0.937      0.009948372119689394    
  0.93745      0.010114284972731978    
  0.9379000000000001      0.010280109955886865    
  0.93835      0.010445846914535062    
  0.9388000000000001      0.010611495693925483    
  0.93925      0.010777056139565765    
  0.9397      0.0109425280971269    
  0.94015      0.011107911412541535    
  0.9406      0.011273205931781294    
  0.94105      0.011438411500998603    
  0.9415      0.011603527966553541    
  0.9419500000000001      0.01176855517501188    
  0.9424      0.011933492972933453    
  0.94285      0.012098341207255496    
  0.9433      0.012263099724923534    
  0.9437500000000001      0.01242776837309688    
  0.9442      0.01259234699924419    
  0.94465      0.012756835450764132    
  0.9451      0.01292123357528874    
  0.94555      0.013085541220796127    
  0.9460000000000001      0.013249758235222162    
  0.94645      0.013413884466711098    
  0.9469000000000001      0.013577919763713392    
  0.94735      0.013741863974657749    
  0.9478      0.013905716948245193    
  0.94825      0.014069478533379693    
  0.9487      0.014233148579057756    
  0.94915      0.014396726934430792    
  0.9496      0.014560213448948612    
  0.9500500000000001      0.014723607972100185    
  0.9505      0.01488691035359407    
  0.95095      0.015050120443310434    
  0.9514      0.015213238091357129    
  0.9518500000000001      0.015376263147890434    
  0.9523      0.01553919546338386    
  0.95275      0.0157020348882888    
  0.9532      0.01586478127341697    
  0.95365      0.0160274344697203    
  0.9541000000000001      0.016189994328179216    
  0.95455      0.016352460700218334    
  0.9550000000000001      0.01651483343712781    
  0.95545      0.016677112390520714    
  0.9559      0.01683929741232581    
  0.95635      0.017001388354401042    
  0.9568000000000001      0.01716338506883533    
  0.95725      0.01732528740805247    
  0.9577      0.017487095224436863    
  0.9581500000000001      0.01764880837070458    
  0.9586      0.017810426699732474    
  0.9590500000000001      0.017971950064425528    
  0.9595      0.01813337831809902    
  0.9599500000000001      0.018294711314004408    
  0.9604      0.018455948905766333    
  0.96085      0.01861709094719016    
  0.9613      0.018778137291979843    
  0.96175      0.018939087794298152    
  0.9622      0.019099942308484632    
  0.96265      0.019260700688957744    
  0.9631000000000001      0.019421362790260195    
  0.96355      0.019581928467179065    
  0.964      0.019742397574822265    
  0.96445      0.019902769968238736    
  0.9649000000000001      0.020063045502792275    
  0.96535      0.02022322403400471    
  0.9658      0.02038330541749573    
  0.96625      0.020543289509265553    
  0.9667      0.020703176165378458    
  0.9671500000000001      0.02086296524199207    
  0.9676      0.021022656595680107    
  0.9680500000000001      0.021182250082802723    
  0.9685      0.02134174556027992    
  0.96895      0.021501142885121474    
  0.9694      0.02166044191450054    
  0.96985      0.021819642505688932    
  0.9703      0.021978744516256525    
  0.97075      0.02213774780383485    
  0.9712000000000001      0.02229665222636835    
  0.97165      0.022455457641969708    
  0.9721      0.022614163908777348    
  0.97255      0.02277277088539365    
  0.9730000000000001      0.02293127843034245    
  0.97345      0.02308968640244839    
  0.9739      0.023247994660733295    
  0.97435      0.023406203064320223    
  0.9748      0.02356431147273152    
  0.9752500000000001      0.023722319745456296    
  0.9757      0.023880227742185796    
  0.9761500000000001      0.024038035322912408    
  0.9766      0.024195742347777667    
  0.97705      0.02435334867700772    
  0.9775      0.024510854171191435    
  0.9779500000000001      0.024668258690861474    
  0.9784      0.024825562097087858    
  0.97885      0.02498276425080291    
  0.9793000000000001      0.025139865013369116    
  0.97975      0.025296864246146564    
  0.9802000000000001      0.02545376181068363    
  0.98065      0.025610557569012565    
  0.9811000000000001      0.025767251382963152    
  0.98155      0.025923843114739487    
  0.982      0.02608033262692223    
  0.98245      0.026236719781879036    
  0.9829      0.026393004442516837    
  0.9833500000000001      0.026549186471684437    
  0.9838      0.0267052657326797    
  0.9842500000000001      0.026861242088686243    
  0.9847      0.027017115403396273    
  0.98515      0.02717288554042053    
  0.9856      0.027328552363870634    
  0.9860500000000001      0.027484115737624902    
  0.9865      0.027639575526095955    
  0.98695      0.02779493159386786    
  0.9874      0.027950183805527842    
  0.98785      0.028105332025970056    
  0.9883000000000001      0.02826037612033564    
  0.98875      0.02841531595396565    
  0.9892000000000001      0.028570151392218333    
  0.98965      0.028724882300761468    
  0.9901      0.02887950854549868    
  0.99055      0.029034029992488684    
  0.991      0.02918844650809687    
  0.99145      0.029342757958576104    
  0.9919      0.02949696421065747    
  0.9923500000000001      0.02965106513124935    
  0.9928      0.029805060587293788    
  0.99325      0.02995895044611032    
  0.9937      0.0301127345750966    
  0.9941500000000001      0.030266412841917823    
  0.9946      0.03041998511430424    
  0.99505      0.030573451260390894    
  0.9955      0.030726811148383052    
  0.99595      0.03088006464668625    
  0.9964000000000001      0.03103321162387454    
  0.99685      0.031186251948929707    
  0.9973000000000001      0.0313391854906625    
  0.99775      0.031492012118459894    
  0.9982      0.031644731701672466    
  0.99865      0.03179734410995495    
  0.9991000000000001      0.03194984921303483    
  0.99955      0.032102246881104086    
  1.      0.03225453698419435   
